0.22265809462757036 0.5302168084367742 
0.06783886733574995 0.741669015081945 
0.6489530456251618 0.19615634712106844 
0.8817048282672939 0.06263940709455423 
0.4184341964831848 0.3558880881444699 
0.10694952545959935 0.6762720638766517 
0.3690504703094991 0.3940380587996032 
0.32669039614437784 0.43023963908398516 
0.8220685459786325 0.09447463649613458 
0.3008462517645324 0.4535716157515338 
0.3986077668930883 0.37011456501913 
0.7351880586124075 0.14406666240812924 
0.31492109153626585 0.4409240992348611 
4.237782859735015E-4 0.9831858897805285 
0.016449579038230605 0.8743762760468387 
0.35344229096625374 0.4073241070096273 
0.0025630701157104974 0.9516859962216919 
0.7880902179018031 0.11384100790757563 
0.11361156910012793 0.6654599482125398 
0.9986533143562197 0.0018437927308892247 
0.48639952687447163 0.30427517868096327 
0.8707992706539638 0.06888452963118241 
0.1341130494184189 0.6358150369430708 
0.6384361362054999 0.20341752149852568 
1.602957474762035E-8 1.003980730787361 
0.027771541515286047 0.8354963682503087 
0.4739901171524603 0.31327861785097655 
0.022773508769077244 0.8511237861799452 
0.05178815707565233 0.7765284765363321 
0.9466165025547346 0.02883808282716559 
0.5610402962976312 0.2526742971244772 
0.1515830320990264 0.6128482973135242 
0.4378321797168766 0.340133970538493 
0.684718033691852 0.17412244284322076 
0.045026248232494494 0.790821450559218 
0.27448143902639655 0.47817531829070964 
0.9562474043865324 0.024189094712091436 
0.16475387279811482 0.596063406285372 
0.0063196440921237974 0.9237423153656366 
0.28858893857754964 0.4665295498820393 
0.40681006506869166 0.36389229399581197 
0.5751144125780715 0.24338061022540244 
0.09962315704410624 0.6897879760675468 
0.011189638320043493 0.8969874514079843 
0.01941540323552654 0.8631127281790772 
0.9232647371726297 0.040998346590613785 
0.19667423204938747 0.5584777052568733 
0.23444346981527517 0.5184998238527304 
0.8354017665669082 0.08844395923345796 
0.12530186652610348 0.6481026505410018 
0.08391136168959468 0.7126134671487626 
0.6161793045174382 0.21700004984996132 
0.6272959644400279 0.20973349602834604 
0.33820712448101586 0.42021755978332986 
0.07495204727284246 0.7281097995096715 
0.591322483088919 0.2335362034098236 
0.17546438912802315 0.5830669029503427 
0.9071109725944349 0.04866484931852577 
0.5205268316214081 0.2841443688999906 
0.9678638612639717 0.018298449409215926 
0.7122713695750169 0.15742502482419246 
0.20854227344823212 0.5453523712922836 
0.14088515943676216 0.6268003113218509 
0.7526985278656835 0.13568563036975542 
0.9369892648090383 0.033663295966143765 
0.09138347480636946 0.7004875603845534 
0.4285454160522966 0.3476488276974205 
0.459803945690125 0.3276438921961421 
0.5317856776254162 0.2753126472724507 
0.03363936874343365 0.820014911681372 
0.009073519162222418 0.9082003035997663 
0.26388344998423885 0.4878679788260496 
0.763285138974434 0.12771386312633096 
0.18250402402491406 0.5754506180322887 
0.8953508600180128 0.05567581008378392 
0.6602087715299313 0.1890036782061506 
0.44678180271670764 0.334003955851977 
0.7974602023031934 0.10839869184636648 
0.004629270606278935 0.9357968094631163 
0.0617674007839612 0.7541676695592745 
0.19003168780732582 0.5660743880427064 
0.7740081529260155 0.12182057345934517 
0.25502108057905026 0.49713767838816914 
0.49822135555533054 0.2962426256644859 
0.6980510484991853 0.16928445356546323 
0.673081158208656 0.18101565011237378 
0.24544810204410253 0.5068947642679549 
0.013360424349549704 0.8870736407658818 
0.8089328261166999 0.10235951271917793 
0.3817126159398978 0.38364853023503687 
0.5096580403559882 0.2900756184034407 
0.8489898114777199 0.0808647100729033 
0.8605636387307585 0.07372862428942345 
0.001210023573318484 0.9683014905431927 
0.6046746520532091 0.22385336974223496 
0.7255596727564018 0.14973815472098703 
0.039100755087849444 0.8045653758311345 
0.5447808092575974 0.2642733628953329 
0.9836447766771633 0.009830705642758323 
0.056705367521884986 0.7653730087503287 
