0.7262713542510582 0.14906645275243557 
0.15254906930641315 0.6121680171134488 
0.27474755837840314 0.47830119544275895 
0.7015698146332101 0.1636164755099128 
0.49209288186590605 0.30029865955063983 
0.004465903656049541 0.9357412953024973 
0.6055976397085845 0.22316516230672465 
0.0451524966637592 0.7900435360651126 
0.09488623845026323 0.6937059861413739 
0.014732075185678123 0.8813007406847648 
0.11884511588272695 0.6573277530800975 
0.34481453025675957 0.41474270243228206 
0.01949433088350397 0.8625089653522044 
0.8604737257486024 0.07697042201289069 
0.7726359611033439 0.12272572386616737 
0.6571064163297318 0.19131360743032558 
0.9939399748527057 0.010409733683161736 
0.14457227840872527 0.6233618126594447 
0.6319215943210743 0.2069470985859765 
0.8459662903673082 0.08174116162046866 
0.7477107096636868 0.13759548887159898 
0.3585997742214116 0.4032629636659858 
0.07079885045779233 0.7372411181704623 
0.0017276966212445232 0.9624436893484122 
6.950187196459456E-4 0.9759511749292933 
0.25462572806062844 0.4981223165000866 
0.028143516945594613 0.8350201821115756 
0.8756192589308306 0.06907974268468137 
0.540611162015912 0.2669453767648076 
0.476376173734269 0.3115426793956624 
0.007019240190467983 0.9192013999304451 
0.591381558266707 0.2329706883090651 
0.42719379759139403 0.34799964373209324 
0.5654284494425342 0.24963376394978942 
0.9339468913078037 0.035129282717180764 
0.6930865188291534 0.16962013012856628 
0.9514600688711388 0.026195244774557515 
0.6683129407835957 0.18444379188246118 
1.275412812738342E-4 0.9906220472399363 
0.21778946294697835 0.5355795282802945 
0.40458130708516304 0.36557732887663635 
0.9805371013364023 0.011571256303438738 
0.6470181493066907 0.19793063825192808 
0.5027427853761997 0.2931136100837349 
0.5762959693677355 0.24329490164364526 
0.8318172319244792 0.0894996390228004 
0.7132491366014876 0.1573796009386742 
0.5283871748884359 0.2757547920853607 
0.17081662471045816 0.5883922847296226 
0.802790052410423 0.10570038260486748 
0.11045829395016935 0.6699255488661461 
4.5016964612956274E-7 1.0035420933705268 
0.20771393250324902 0.546701905477744 
0.3823784464079068 0.38367175734347975 
0.24303079693703125 0.5088134876281365 
0.23571889024712814 0.5169124612693399 
0.45024159214116655 0.3312407639718949 
0.7566084870498954 0.13150324415349013 
0.8897371503550594 0.05831507103521045 
0.37170580984287405 0.3928641219521635 
1.693147691078882E-7 1.089438298018458 
0.7365471427902964 0.14389519279116098 
0.39378710731070227 0.37442088755849795 
0.901085373723675 0.051877525746385565 
0.19405013003307267 0.5622321370410591 
0.05243754839143483 0.773639604044551 
0.28725922340553933 0.46610245731909344 
0.06220786804474682 0.7528333754627997 
0.8168592912215982 0.09803186927881236 
0.5138345687235412 0.28603172687799633 
0.6192971211166589 0.21635489740882866 
0.010606886719741027 0.8995526299381656 
0.9156687268073826 0.04439235758617041 
0.18152356624241428 0.5762595289306564 
0.9990691705831638 0.001699916631862516 
0.04068026191544301 0.8010073898979947 
0.3091244842235091 0.44596767945912513 
0.08610757934344182 0.7085071703537883 
0.12671025268722447 0.6461005736597539 
0.02314344674085947 0.8498823031066969 
0.41542179377144534 0.35717195246011024 
0.22818508884419364 0.5250077689738789 
0.2982102133352299 0.4552935049370943 
0.03643275955736478 0.8123883355513747 
0.7913046967523719 0.11193616814736763 
0.4387296382939616 0.3403980645119034 
0.07927141067718 0.7216485393469089 
0.5528113395203387 0.258710607587263 
0.057907710766865905 0.7620746241658967 
0.2633147712152558 0.4893647476155691 
0.3208082160568218 0.4361599941098563 
0.002880299761165321 0.9493890553491423 
0.3346221147132148 0.4232959057852745 
0.10378787674380806 0.6808268402509432 
0.9670498854216633 0.0181280339502574 
0.031974585492944296 0.8247223799505439 
0.6810596943472199 0.17683328636088005 
0.13407506410540057 0.6360019719815557 
0.16172736667653206 0.6006650337477415 
0.4635980321258726 0.3211493314771573 
