0.153874327733923 0.6092431704008507 
0.9069005912093234 0.04906932784395317 
0.1869008150510843 0.5690941838571328 
0.8955685514932229 0.05512799517578452 
0.48876792894826443 0.30223292021366976 
0.00341997566519092 0.9443116887380404 
0.14371731910705504 0.6227544131086877 
0.01988527957254298 0.8623002710455595 
0.9865464767656047 0.007802341161812568 
0.9744835889419493 0.013968749337337284 
0.23191235658105327 0.5202301345191949 
0.42575534385251945 0.34893352092222113 
0.9532460698791008 0.024796922826587617 
0.5528918860096484 0.2576980749547216 
0.06820349808539045 0.7410857494645013 
0.8473277549753021 0.08067402643255603 
6.060905702963693E-4 0.9774316666561362 
0.7696785842083589 0.12404859826087263 
0.1353753169129147 0.6336592958771015 
0.36379716559541353 0.39841167263861266 
0.0812648839315073 0.7170700213976966 
0.3073564547082831 0.447269551303785 
0.2516699060991173 0.499760437170763 
0.074448144254917 0.7293608822010097 
0.45494975784959835 0.3268966704165828 
0.9215780619679733 0.04135569498950769 
0.47912295133547106 0.30868301565905 
0.5752942077974557 0.24298157791536146 
0.7945057381104683 0.10993349610773975 
0.5214678307301971 0.27963556801171885 
0.6147653431773742 0.2170495970022598 
0.7571213710364003 0.1312798214020985 
0.8087143479416411 0.10188773195620106 
0.4031889474442949 0.36657875956064084 
0.24256807682270928 0.5093979716264367 
0.014691029323260552 0.8805667823922124 
0.3177621711079682 0.4380005605886837 
0.2810940373451314 0.4718497426015308 
0.0019299465996615583 0.9589170721146306 
0.22350241312777214 0.5290094856510563 
0.04113537900323627 0.7997818447115653 
0.9379431140119431 0.032462827044103096 
0.023234040472293077 0.8496883415329144 
0.20446253645925325 0.549080483378201 
0.8746637418968348 0.06606132161758319 
0.5359195863447782 0.26965194503850215 
0.8206210019531994 0.09517021074636108 
0.6277450430031969 0.20891238193829895 
0.885295468641395 0.060083496271231274 
0.7121142146291737 0.15725850535534772 
0.005303880084919166 0.9292980438407893 
0.32811134885541937 0.4289953545034905 
0.5911262997768609 0.23216625435374358 
0.6525625704446381 0.19360525945772994 
0.09659660091822599 0.6909669119575491 
0.17795688826900613 0.5798843127072376 
0.5599833306983167 0.2528431226265712 
0.21499906926391324 0.5379594094188775 
0.6386953319322841 0.20205717496727035 
0.007571149442636899 0.9152452011531705 
0.5083438602663531 0.28817932859223727 
0.7821967278870177 0.11849522451459919 
0.12063210713001392 0.6554086682834597 
0.43844956600386586 0.33963677706016754 
0.35258313359701005 0.4076823671709964 
0.03469041741323434 0.8156451386957492 
0.6953018867787385 0.16777072549545874 
0.28868389864728305 0.464257286028105 
0.39223243283885456 0.3779361522923815 
0.0882218683660775 0.7056594933987814 
0.6827010804766411 0.17527919812123313 
0.7430027386407709 0.13984052304346706 
0.6740664897137626 0.1802381907831291 
0.26976892180971046 0.48261210189883136 
0.46796997002224944 0.31738604613635985 
0.028256295897675754 0.8339116323396925 
0.11304586978832343 0.6656017015410874 
1.3211185859007932E-6 1.001086436024526 
0.8587574162080742 0.07449856343381991 
0.1949698241482677 0.5598947335523079 
0.41445440568117714 0.3579963767468297 
0.16859342589279397 0.5909856576312216 
0.5453783403041765 0.2624758463017647 
0.1607469342441212 0.6008866531164235 
0.9641421131174954 0.019419400380487842 
0.34115803853646487 0.41786295460883965 
0.7278922170481679 0.14850133998830925 
0.4977374730201647 0.2956598480201148 
0.06008067828608718 0.7574986064508341 
0.8340889080735033 0.08776580677006904 
0.9999869121179048 0.001324433403256504 
0.04941349794630513 0.7796063241336348 
0.2615179948826046 0.4903603709022812 
0.2975727389838507 0.45645182920063326 
0.010808764646818014 0.8987257775445087 
0.6658963368943188 0.18561986803201996 
0.6033675387500139 0.2250301253990473 
0.1053169394544392 0.6777706485890844 
0.12899138827679835 0.6432524616246547 
0.37615292082036256 0.3885232275042459 
