0.7080166178393688 0.15917130366273372 
0.9991568906632403 9.680338137685653E-4 
0.6355725081768722 0.20432544437430314 
9.459678505851295E-7 1.0009944487276767 
0.9714004088674679 0.015244621736210495 
0.9387145306665168 0.03218471504916908 
0.5600465151228159 0.25247930337386515 
0.5701787828043197 0.24572119530789538 
0.6843749556467541 0.17383850871339407 
0.37828791214674956 0.38681684056967824 
0.12599017165707566 0.6558079174723203 
0.7204079805049848 0.15264083611169463 
0.27092519054367936 0.48052219798989476 
0.03332685679851674 0.8191859776873731 
0.10909150180270005 0.6719664679609383 
0.825820495614521 0.0923128845047525 
0.07396934948393974 0.7299192616994916 
0.3067383433176447 0.4479632364532825 
0.22159596589594663 0.5308857501595546 
0.5853753143689853 0.23694790224115211 
0.6557705371296523 0.19155996353236648 
0.9870412051421762 0.007675416934421773 
0.7417756719267786 0.1395545488162924 
0.5027582881091982 0.29237527481644265 
0.2013573981334848 0.5541505262437711 
5.682394957748638E-4 0.9777577965476002 
0.3387832124729161 0.4195936505374958 
0.01368970626593713 0.8848139401613033 
0.6241526638847432 0.2179519439137745 
0.16512731255327096 0.5947318872026555 
0.550742307890157 0.25902836490179415 
0.49225145323959196 0.30004993385932505 
0.20981739734352284 0.544240783302501 
0.4350122853535898 0.34176888001033023 
0.12868417016750272 0.6424038823292686 
0.10193209893624022 0.6820916326457246 
0.23413613008377043 0.5173093452859472 
0.3501133220147911 0.4099104748622733 
0.06272309969392736 0.7511265332844352 
0.5119832796443915 0.2856909040478332 
0.0029087313012774695 0.9475509724535434 
0.05478119802068887 0.7677241586820502 
0.8473673020642025 0.08029345168437874 
0.0015899445309003283 0.9633311645293923 
0.5962633586871102 0.2287897797165046 
0.31820688368598005 0.43728656170438607 
0.4675332737156963 0.31722621805407264 
0.871997119452017 0.06709852563037771 
0.8971927939164618 0.054163985747119524 
0.4238880451191767 0.35028421504551466 
0.14127970353054475 0.6256413764660891 
0.671057239593891 0.18228986830621402 
0.027934824344414425 0.8349920003016232 
0.9554248500782968 0.023461980725265716 
0.39068540381637085 0.37640371142531776 
0.8367436502350025 0.08636427458172496 
0.047905741663439305 0.7853412979157194 
0.019378189507986088 0.8628411849416204 
0.7675620483069583 0.12610712231028784 
0.5244596254616175 0.277016894295577 
0.11723868389498132 0.6596428451048676 
0.19153895644692595 0.5640552951678427 
0.48186753304505303 0.30698730383100503 
0.7838324867994088 0.11568779726160504 
0.45504662454957745 0.3264494336436438 
0.8123337248766558 0.09982924609828914 
0.8030895036031347 0.10474236057751134 
0.17677267462733354 0.5813018378012405 
0.08163543916486764 0.7154440758109594 
0.28476956087168176 0.46751797125407873 
0.26178366436405354 0.4894755764985452 
0.4439693439285167 0.33467544621568807 
0.15559694713805888 0.6102335415283069 
0.7555749408927225 0.13223233568906648 
0.36273540941731475 0.39938034007799034 
0.9087091659486186 0.04783898739727008 
0.08767188731826692 0.7053452148403243 
0.18340896337889273 0.5740870043237015 
0.8595459907370436 0.07412827706785269 
0.00982985048391094 0.9025694949138168 
0.6468701745519965 0.1971159516861125 
0.0942254411494804 0.6947717362402294 
0.9254914205709361 0.03922481454806817 
0.5405961009059196 0.266014019963174 
0.4132305061236478 0.35861561006119674 
0.24977316289228751 0.5021924811832218 
0.6089455825330096 0.22089573006215665 
0.006549454370406216 0.9210273275937071 
0.03935175269239599 0.8026700271447471 
0.2951658982579046 0.4576984121740591 
0.3283971836216378 0.4286277883017569 
0.4003442275131336 0.36810776006184 
0.24258437847304884 0.5098292647088313 
0.7925864422994022 0.11062816173729273 
0.6967116067097533 0.16648072569437036 
0.01652606241272668 0.8731305464040168 
0.004945592050248526 0.9320415782033082 
0.8849199064362989 0.060234603841306064 
0.7327027027711602 0.14546262482829864 
0.023455056598140067 0.8498153314554016 
