0.9997821650589342 0.0012037082193645597 
0.9720258759421085 0.0151708574700775 
0.5447540747969223 0.2633373614702383 
0.9161059341517099 0.044109740548637956 
0.6978773835075758 0.16586511231076115 
0.3180185282594273 0.4375574491951731 
0.8830864474687065 0.06146266168718628 
0.1812057806029373 0.5754326613846149 
0.6829415199656745 0.1748658463948013 
0.3267738927192318 0.4306083256172065 
0.9288426069683379 0.037462070132119746 
0.7828494723465776 0.11634797920992755 
0.12631275366225117 0.6459983389162677 
0.5795148435693379 0.2406837813444472 
0.06201529071657966 0.7528031846133606 
0.4321687321446838 0.34438909639917414 
0.05508915887149726 0.7668759873069587 
0.6705578325246614 0.18218242503726848 
0.2839664027019465 0.46882456711593684 
0.27278585725099624 0.4793685152620078 
0.5915550020195675 0.23206552453878213 
0.3940847454112443 0.37339931964207806 
0.7196424402288981 0.15373738414799892 
0.2112959682906141 0.5496906761061247 
0.048763993445882226 0.7808275340218991 
0.768855438745475 0.12504856394367636 
0.8947959670161545 0.055737067099984605 
0.14143667368474788 0.6267402250816394 
0.8561372511789728 0.07652055630115703 
0.6047569350013678 0.2240295328715428 
0.9546872961235175 0.024210707586671754 
9.236283483477492E-4 0.972549453480153 
0.12003304959032247 0.6554400102188432 
0.15386569831231733 0.6091693232439825 
0.08901416080859526 0.7037012606246942 
0.48069787550471893 0.3082884121455399 
0.44158891605299105 0.33711972623528125 
0.11196914660821616 0.6673915099583005 
0.755570788261513 0.13212055881741488 
0.7079122982835724 0.16017668285518544 
0.06881731296007729 0.7394444170177995 
0.40954647946987244 0.36129472879157504 
0.16273800877588734 0.598518068503619 
0.7440728667769625 0.13858346834373317 
0.7329754504952315 0.1451160728113636 
2.6121771996223675E-4 0.9867980119795976 
0.10458898821143425 0.6789298324761461 
0.031663892240728755 0.8246578352239287 
0.6379458074385285 0.20337900611573084 
0.18892757127445534 0.5666847269470394 
0.6546171856217446 0.19341260555742784 
0.0031993097910158197 0.9452345013116448 
0.7945018718155443 0.10973223515042937 
0.8289877764469054 0.09136047098769681 
0.007232005076264647 0.91686248695207 
0.2650878120986836 0.48690408999821483 
0.08329629861657066 0.7131363486572806 
0.29429252514941673 0.4595433561185091 
0.9043462025072645 0.05017254308060303 
0.5345944102262941 0.27117934837470914 
0.2449358735437261 0.5069600750138787 
0.2272089344845295 0.5254661781566698 
0.011250016154607356 0.89684883972133 
0.30626584414451036 0.4487374281109196 
0.6263026897906989 0.21025731504080208 
0.03637298253941637 0.8116382433559516 
0.23653819166316847 0.5161118681392515 
0.42317401664821785 0.3511482434245889 
0.5068050169636764 0.2902428433257615 
0.8699611071086435 0.06844962433607472 
0.19940803804773694 0.5552122332570399 
0.9406583862375602 0.030956914723930706 
0.25511256660077936 0.49693457056713447 
0.8110746379388418 0.10111293568246636 
0.0213333382458311 0.8556755129700137 
0.4542324672681704 0.3279240720890488 
0.07540467045191421 0.7270168092113878 
0.0017736969512212805 0.9604977863211874 
9.132382637486725E-8 1.0025066006134886 
0.33472771479208646 0.4225155965820959 
0.5171140990579118 0.2824135526125965 
0.3566176534954141 0.40454147306423827 
0.17322823891647868 0.5853723845694654 
0.4940296894971034 0.2988787967959087 
0.026423536361349618 0.8422921358597152 
0.01774158666213721 0.8700428496329204 
0.01480332686665306 0.8812439174858658 
0.344715002732815 0.4143096848621695 
0.5671808035090836 0.24818716261503454 
0.09632445526447608 0.6913657552594439 
0.5547555253994123 0.2567362348430642 
0.6159319363468635 0.21732146908348363 
0.8434830136437435 0.08297100228077885 
0.9860463027039559 0.008431167396648231 
0.4662629944350588 0.3188929826097591 
0.041676025861822064 0.7980410018791391 
0.21993975633440105 0.5358210719677569 
0.00517055135721377 0.9308458038684589 
0.3815452598767729 0.3839763111995553 
0.3683737215921498 0.39475703456240413 
