0.028903752310489472 0.8318214588658963 
0.18299718647434934 0.5739176567022541 
0.9759325303517019 0.01406626532391528 
0.3895291121191724 0.37728099540290344 
0.7029984854660175 0.16308323643102457 
0.8390191706290568 0.08556682269990201 
0.09563057842588946 0.6924506727537669 
0.9418951966555452 0.030702106942889624 
0.9663847755044762 0.02080353626129816 
0.8923227937685043 0.0562595278171876 
0.5360612771766289 0.26904611821114854 
0.6369036761810627 0.2031589674869623 
0.3210377605357945 0.4342683874171926 
0.1582687758458968 0.6039941647272284 
0.26513259353618435 0.4867243927989968 
0.36540954730580133 0.39686158664553156 
0.7865695468978938 0.11402912542267392 
0.07941513092469413 0.7196050492560346 
0.06724466810575419 0.7425013501673943 
0.00784693953352203 0.9128117302104918 
0.8272993586253334 0.0914865764964657 
0.9067188157242261 0.04861570381596031 
0.04639220016794307 0.7863750008558447 
0.8190145304673424 0.09762855989039244 
0.03462390629268863 0.8154291900099586 
0.5612112325178874 0.25315033074365606 
0.44521971431766416 0.33388842306927735 
0.9322713530986217 0.03536910257883801 
0.0032021726663769984 0.9451709215012871 
0.22065894825245416 0.5319720491444175 
0.8095400480837801 0.10152257422481582 
0.478313222331728 0.30933158123521587 
0.3544980384466798 0.40590680323413564 
0.2891592694103234 0.4639813592630948 
0.6593129594693286 0.18924481767592408 
0.30978805331139875 0.4448513017304208 
0.4261111536365176 0.3485955943619456 
0.6172374684451106 0.2155124220732841 
0.7157026545050124 0.1558566084333426 
0.011010852521940923 0.8967372987111072 
0.6260592635304825 0.20977110996462783 
0.5955395310769792 0.22963243529642002 
0.13123911041602712 0.6398677538194932 
0.3802108695203882 0.38524238428381297 
0.11101068041398306 0.6682862964545142 
0.14222863682987813 0.6258308099445432 
0.08877395207416222 0.7037165519071812 
0.018224503661658453 0.8667281627743668 
0.5128270014015428 0.2850234538067946 
0.29989123583453103 0.453913114201912 
0.2528280175928951 0.49811150750976524 
0.3408078603936489 0.41747932608715466 
0.5014500412489286 0.2931804032449433 
2.4464986914524145E-6 1.0003527772225909 
0.7283072152739009 0.1479265512364403 
0.7715203285500373 0.12280914198335413 
0.8005076310144121 0.10640289072389944 
0.6701789865680182 0.1826093288167009 
0.4129049485955942 0.3585065935222226 
0.54585971103345 0.2623944787712214 
0.9843176517173255 0.009279537024580242 
0.9207324370372627 0.04158974479202571 
0.7399976329228125 0.140786814235888 
0.16916839968594355 0.590370378552668 
0.6917713152402327 0.16993240163173987 
0.014738428103194673 0.8824139525338378 
0.2105237394544544 0.5432283098094387 
0.49020719802588686 0.3014204759161932 
0.19922772015816914 0.5552829104964389 
0.9535231292815701 0.024473589713168417 
0.05887586673731481 0.7599183193616226 
0.6067583362759996 0.2226099070922502 
0.2416370800699177 0.5097078864752042 
0.7536996684829951 0.1332940684404577 
1.9096447327499044E-4 0.9875856839154581 
0.005313489787353465 0.9286310706245117 
0.15138485214808894 0.6142375545197019 
0.3323290153768686 0.4247401690487952 
0.5239000761904629 0.2773252396124716 
0.039787095297717345 0.8018257998259414 
0.02273112358406787 0.8516029322786844 
0.6487178104492435 0.1955572297263378 
0.9991211675768757 0.0012536175676136287 
0.4010838442692082 0.3687008194725088 
0.4355546039232525 0.341352650796711 
0.5828505378284209 0.23783943508177863 
0.10393125629825906 0.6796796549353178 
0.053579798871288 0.7699116946320614 
0.4539661436638025 0.3279996846640813 
0.002063889629474208 0.9567012079971042 
0.865597211314578 0.07039863022572748 
0.4663082507693569 0.31824208816405863 
9.730018548851915E-4 0.9707200644683857 
0.8500226383807006 0.07907553223085034 
0.276658940537573 0.4759262271663464 
0.12094960441619305 0.6545393183644015 
0.23067656706580703 0.5218545802296459 
0.5726425657072292 0.24488785127987514 
0.6807447313585971 0.17625025973057237 
0.8770337917984489 0.0648171371174805 
