0.007823609269753192 0.9135551962698562 
0.0784897046411693 0.7212364371886286 
0.5544636231073463 0.2593999942778763 
0.858596942840764 0.07414769692697167 
0.8687947484306017 0.07242524644366524 
7.431879524634755E-4 0.9745662605104582 
0.8817075593257276 0.06513050856634565 
0.891615590065451 0.0565248484686586 
0.06049758894268614 0.7555232398960595 
0.5430162494890446 0.2638286855154762 
0.13091135408543864 0.639491798742586 
0.842731403757665 0.0830794196731503 
0.8294757523751422 0.08994498423137803 
0.804951143548829 0.10359346995565678 
0.23350863297053176 0.5186593816465186 
0.9682147577721977 0.017160230158886684 
0.14980357299941965 0.615125882607973 
0.2552691185293116 0.4975596962003163 
0.6234705435551444 0.21131758521355276 
0.03929762647183012 0.8035092339239714 
0.715680729616755 0.15472243616431028 
0.35395631367479274 0.4063815090305073 
0.1171644137436193 0.6588857999463812 
0.4026554969824229 0.36638830426224356 
0.5322765379382862 0.2717134749505298 
0.10020420237688937 0.6846201844049418 
0.7311574396537202 0.14607968228853896 
0.15784334199599917 0.6039393570476721 
0.3433341277057543 0.41500125143172106 
0.8164691431246772 0.09712212116014043 
0.18215244875569098 0.5745630866484948 
0.02813091705866093 0.8344280129519397 
0.3080647289211936 0.4462500599172614 
0.6489862300305125 0.1953164820352333 
0.19541780470120987 0.5595538265320547 
0.16788366900477314 0.6016070236181227 
0.09294892479404829 0.696478609953235 
0.05433119322258309 0.7686104277182945 
0.2792401269475538 0.4731124594990796 
0.06939910220170292 0.737868765347895 
0.08570272233671658 0.7089847742776493 
0.9997990969508993 9.486313388485307E-4 
0.01649552788900463 0.8735074924828259 
0.6812599044080451 0.17573808053785128 
0.04758724649862783 0.7835776038035813 
0.2885242709380472 0.4666843380908442 
0.42460578078681427 0.34993173651576925 
0.16916592002820902 0.5903203916910593 
0.9044381014920189 0.04961034712531892 
0.5868812558949129 0.23485566342797967 
0.009901173540021402 0.9024845512642754 
0.003436502890528159 0.9433928318360956 
0.2658017819064258 0.4864390375879376 
0.6341761194118405 0.20478111884759553 
0.4751508034847135 0.31202641160359273 
0.24168537219771738 0.5097708971545172 
0.4868368598452304 0.3034694299299662 
0.9561892351561546 0.02385649337872023 
0.41316608668591936 0.35864608409142057 
0.5735312975347013 0.24360915924873613 
0.7518128932653385 0.1376423242437047 
0.3208701072310871 0.4345427601437185 
0.9317307917701934 0.03544870940942948 
0.20555429185894752 0.547813585800858 
0.9173199021959041 0.04340865874262147 
0.36331166966604245 0.3988404874925845 
0.13848989114489432 0.6292353596338006 
0.6651905368608189 0.18561770995585994 
0.33289224900099745 0.424387378454056 
0.6114151790308868 0.21926395113125782 
0.0018760349321569336 0.9585256362852362 
0.9436330863440243 0.03000610872980709 
0.21781632046211047 0.5348078351368131 
0.7797835276521908 0.11790354596084476 
0.10771469971264916 0.6731859182811613 
0.505752706106494 0.28981386564442224 
0.22591724521388445 0.5260130905128161 
0.5603959064515374 0.25246814962331837 
0.033532437538958126 0.8184275814460286 
0.49601436617660655 0.29958934859703285 
0.2947467952648446 0.4581965851296815 
1.020028386276806E-7 1.001541725997525 
0.02119857090314492 0.8565776559496077 
0.9793073624080789 0.011379381653194458 
0.02450007568119297 0.8454918825850344 
0.5983137921362872 0.22748098935944464 
0.12341473707928313 0.650157152781201 
0.4634055745068658 0.32058259746607526 
1.6946129363437645E-4 0.9890499681326103 
0.43698434300715616 0.34014356003462126 
0.379273607144911 0.38542932565640237 
0.7676588871783733 0.1254646549319409 
0.4523772599303254 0.3282874282137232 
0.5218856690779541 0.27864939322763616 
0.0053317293930304445 0.9286135432870666 
0.6940014335006561 0.16834758010530265 
0.3916217256331167 0.3757050560206015 
0.012622166977976884 0.8891201602455836 
0.7042022597596854 0.1620662901982146 
0.7925148881599535 0.11111539739502362 
