0.562236682593366 0.251918638770239 
0.19542274728591819 0.5600603393732457 
0.1789350932013797 0.5791027524546182 
0.02607666780809695 0.8410920611642443 
0.9357656701667922 0.03340245320867739 
0.32265193951598903 0.4336206786864017 
0.011506508246053149 0.8950447972511001 
0.03798212423559816 0.8079203755084883 
7.83072221990283E-4 0.9756513911152915 
0.9068772270001171 0.049341230501490155 
0.2920503832090518 0.4617338154899854 
0.10867303866380772 0.6722634456184428 
0.33738690093418755 0.4214712344691544 
0.0034929792309942136 0.9431296680939427 
0.23173166599251782 0.5208408140351666 
0.15093061490129261 0.6132577729689851 
0.8938370750236382 0.05581183911146141 
0.8142602837297119 0.09880845854403343 
0.11690716842525348 0.6601865152545365 
0.4831221010827068 0.30699508682225035 
0.6412599586709693 0.2009668473238208 
0.2812963173500157 0.47185576382884137 
0.3653636992810488 0.3977606435917611 
0.7777117397936651 0.1196311440758305 
0.4935515621294969 0.2990517458173511 
0.6653596766264255 0.18636515492560435 
0.3912841201114396 0.3762822229582376 
0.9637448403606609 0.019491754807582643 
0.0018837662149026393 0.9594219691357541 
0.014744658699302193 0.880198238409227 
0.7925888698225206 0.11149503067919697 
0.5429108872474729 0.26454585915023027 
0.1621310583566668 0.6003813023497435 
0.3122187340202105 0.44364889576402206 
0.3733114722821815 0.39129309648343685 
0.08964697250916376 0.7023710889344027 
0.4425995169432856 0.3466662952897372 
0.3473517290051635 0.41284789949257616 
0.16901303297704107 0.5906906360423404 
0.8485416525879669 0.0802265204982362 
0.47112911063852536 0.315471478515139 
0.7623291680682537 0.12807079958643441 
2.2308810616151423E-10 1.0025579847108181 
0.06855355337352337 0.739785171553462 
0.45941312800763434 0.3253527681481276 
0.5044218317521019 0.29169418229824656 
0.3569008756113156 0.4047366474552609 
0.25390435973341435 0.49843595877366365 
0.008250834120281686 0.9115981299327099 
0.6771733780547056 0.17884362321513694 
0.9194824725055072 0.0428914634494694 
0.24250795040980017 0.5097587185509999 
0.417012913068363 0.3558628782172494 
0.553383145977993 0.25802774914408266 
0.5940548855205308 0.23119981063059827 
0.22264360352618798 0.530763054687529 
0.7336709200988163 0.1449006786739182 
0.30248749548301646 0.45188752035718077 
0.21513715283302284 0.5405204455741975 
0.14072938887258574 0.6280795058936017 
0.605032627697478 0.22334613227086406 
0.04160946664727556 0.797785528446112 
0.44533372748486216 0.3348201210909635 
0.6163259373273807 0.2164794632326825 
0.6535476061778976 0.1930339890582302 
0.060344056640105254 0.757337256634791 
0.2694945631402152 0.48315016494723817 
0.08275103627285711 0.7149229801913963 
0.2041064062107018 0.5506630817808867 
0.03362056971622285 0.8193549532398757 
0.40246662712273557 0.3680819713371363 
0.8638058689405484 0.07220618756024633 
0.6902578053215879 0.17059696943046834 
0.02111751311766194 0.8574819574074439 
0.4289087138166891 0.34711000353985544 
0.3809322000903673 0.3848688217545916 
0.6282872801590893 0.20914425536408274 
0.05225095080036728 0.7747101193392472 
0.09811602054696314 0.6885864277285597 
0.7187692717994594 0.15335687926477193 
0.9884846577648032 0.007566513380223854 
0.9508135996199807 0.026196259821341893 
0.5828039766174392 0.23814715092265376 
0.877667208082596 0.06487075306835807 
2.0148365006905644E-4 0.9884668471790929 
0.7499110362003333 0.1388655930290687 
0.8317144674016874 0.08955816835496586 
0.5273503817656324 0.27514172086730415 
0.12427858333877194 0.6495460825375848 
0.0060332412170033475 0.9249523571397141 
0.5156608909772563 0.2837895332834668 
0.7041836073477107 0.16182796143501707 
0.9779472561227694 0.012490364684452294 
0.07730485755519784 0.7254765362713879 
0.13111910471406313 0.6396855180925065 
0.18735829929516437 0.5695645758208014 
0.5707988627796928 0.24642175654483034 
0.017995436045181445 0.8690786264348499 
0.9999345415497526 0.0011871140727782276 
0.046878582934075666 0.7861429370308011 
