0.8068816352664568 0.10292047166814303 
0.8943793283920275 0.05530620879498368 
0.04902202961998703 0.7808410310225412 
0.5931110982425618 0.23157484193417416 
0.07986439690511926 0.7206554447067184 
0.23975510971484537 0.5116510260924814 
0.004688118192915758 0.9348868522151442 
0.649353106280229 0.1959938060910998 
0.001266351453750758 0.9674478454730321 
0.1617109345586872 0.5997185431749009 
0.06750560857646348 0.7420491351347376 
0.4630674553307563 0.32080668225293746 
0.45404866455314175 0.3281840616025641 
0.8593695762428004 0.07430267150496489 
0.3829757294830522 0.38345197115505575 
0.5325719750423591 0.2712805185255757 
0.2500832730419478 0.5019698009677737 
0.7953375725953549 0.10976876294406977 
0.12146668119793591 0.6530909034750956 
0.10661587933507269 0.6751964400263231 
0.8681215223754947 0.06943904631940316 
0.9720311422684033 0.015773646377209124 
0.3718448119344695 0.3962566589712318 
0.49600066491460804 0.29835401591788796 
0.022434469693818265 0.8516987638486736 
0.9364717844933426 0.0331057527924945 
0.3526317499525023 0.408917113956543 
0.027187544211182496 0.8373237553131325 
0.0995124150494375 0.6860134328552346 
0.11543073159512962 0.6660700710252057 
0.005900393836930154 0.9251288511285081 
0.030469411835329197 0.8275802866894169 
0.9847344774496478 0.009420001013096695 
0.8806585144678272 0.06288725566060409 
2.812922197443987E-4 0.985852068799903 
0.7090100691811776 0.15917020322576458 
0.20917163234525998 0.5454231772422163 
0.47588630255964814 0.31386441455466846 
0.010301793521433136 0.9021747378622238 
0.08970437759329797 0.7024593473530018 
0.5427721553391034 0.26440139302550025 
0.8484956409965406 0.07981024601779742 
0.6186483124674865 0.21519448928505 
0.5210257675604748 0.27984233999631114 
0.5682970916233129 0.24765703683059886 
0.1688791770630317 0.5906202986035136 
0.15261864443400433 0.6112218511683499 
0.29917660899645787 0.4546204305680152 
0.12892962062842245 0.6429070211665404 
0.42944211072080274 0.3464832239940744 
0.7249501346462277 0.14951108040788114 
0.043262358656549316 0.7937354932258344 
0.8154422274190367 0.09900791683188816 
0.6348009501683607 0.20870271641232732 
0.5559696239398517 0.2564157560805709 
0.17795579148384705 0.5859507076875712 
0.6070964871783467 0.22617270292646247 
0.5821407670895629 0.2383966930687568 
0.6837500263640878 0.17508386377116553 
0.21673798498253924 0.5372287764667723 
0.06189255310806291 0.7536709015400189 
3.4801029918174286E-8 1.0020076413777883 
0.5098540531922819 0.28726656518411375 
0.947853712615769 0.02771441045438782 
0.2769538640341331 0.4753770666048016 
0.033808422796449855 0.8186906556047101 
0.7835966988100984 0.11614206016473012 
0.05440325523814232 0.7688290280681885 
0.7420207415460615 0.1401950027828369 
0.3313325557107847 0.4260270077027032 
0.32009462847687364 0.43600548026758773 
0.31037643203703724 0.4449699101922923 
0.7568140032798427 0.13164008002687252 
0.41693183572250736 0.35592471129104025 
0.3939084493580739 0.37460649913234106 
0.014117966453195019 0.8840293203711553 
0.2881578017106383 0.46458586204299723 
0.22715319831721162 0.5254632702807984 
0.6986985575198431 0.1653914081561845 
0.4416382925575765 0.33658575197657636 
0.261285414511807 0.4905026262531182 
0.14579929312201956 0.6225076339880633 
0.48606661137847973 0.3043136043385444 
0.8284406415298377 0.0913604791900916 
0.13614724333339523 0.6327697790502163 
0.959473640921711 0.021575855357664164 
0.03726927884087414 0.8095172570197017 
0.9224544554431027 0.041234074892708056 
0.9074263763493172 0.049036998954504765 
0.769895831149263 0.1245871949725956 
0.3415569883316365 0.417409889384866 
0.6723869186834223 0.18175379134691952 
0.6647127472116698 0.18990922094262488 
0.01771218628831317 0.8701424312105517 
0.40508285872973365 0.3660454809713404 
0.18247026158622726 0.5750547322487007 
0.9997208073158648 0.0013849192461003927 
0.19240554875545085 0.563242431403613 
0.07364233684725358 0.731340626927919 
0.002749639763007808 0.9498795871016895 
