0.1016380560373168 0.6854074272618333 
0.009125173884135113 0.9079394380016518 
0.9715747679062381 0.015423048322454516 
0.30110893395457006 0.4532208077364517 
0.05772478422180517 0.7618497638078486 
0.13565741755571037 0.6338980045565602 
0.31094525291790737 0.4442042547235568 
0.29139556623161655 0.46184369208084236 
0.8521350555408859 0.07828223104549839 
0.49223387190123574 0.30045757145784247 
0.5686793868960108 0.24742488113120334 
0.044911126763098684 0.7897921826016219 
0.6753628663059854 0.17928852820774155 
0.7293791548465786 0.14734413088049528 
0.5821841856434697 0.24212979617283595 
0.011612178114349461 0.8953478535080922 
0.7867527042147988 0.11426229543808479 
0.26758749421933553 0.4851085186493619 
0.030039839017244052 0.8289923234852956 
0.6621693460120538 0.1875945787469134 
0.6880967786665966 0.17174709790380266 
0.9079237218598262 0.04853919572196163 
0.69930884729948 0.16553031970018747 
0.017375880239400954 0.8707149028115108 
0.8680418009276328 0.06950182299846588 
0.09666335369881257 0.6944015250337866 
0.0017116882795413374 0.9615895038544663 
0.4362992383886754 0.3409229268111391 
0.37314550775394695 0.39080311887176183 
0.5570141538100095 0.2556038651921057 
0.05135870113513025 0.7754865592876096 
0.11563525162586458 0.6615899353581205 
0.28121574346510586 0.4712869941771412 
0.9837386877893342 0.009413422907670723 
0.3605582358789431 0.4013462879532526 
0.5032637295558592 0.2922145993987668 
0.0028801081282082593 0.9491194128508291 
0.5148535449275923 0.28389563339615714 
0.8834450277371744 0.0612739499822473 
0.025457031662926788 0.8423161647210922 
0.7395594275542292 0.1412283722503381 
0.02092823507134106 0.8578793403806563 
0.06381824870059633 0.7498503620003216 
0.225038214409226 0.5299523127089422 
0.8358349730131296 0.08728549362973548 
0.5464924031674088 0.2624547607533577 
0.17940117871084105 0.5787236678066006 
0.47960713268073274 0.30906858273578447 
0.7962778060633396 0.10887172984257983 
0.6270530175488724 0.20932832103389995 
0.14443792187035834 0.6221884381161671 
0.7508287709328852 0.13482229984519856 
0.39123830539415294 0.37617339404842803 
0.7136461043619045 0.1567883589612973 
0.07311374912935947 0.7347432889022745 
0.775709184984461 0.12046586294200022 
0.5350245986425802 0.27087909395991905 
0.4663076450209388 0.3197429169446645 
0.2559214705899455 0.49578608038114497 
0.1914072289188969 0.5645790354034562 
0.006164697626176718 0.9238052958153538 
0.8069826663527783 0.10249658239237992 
0.9590661404158908 0.022082205403610677 
0.33026960420713547 0.4270140225233726 
0.16888547652687164 0.5914314311643458 
0.765449431464623 0.12625851431490395 
0.4216229905036895 0.35220542596012966 
0.2442562329409052 0.5079648456630484 
0.014404652662310925 0.8824733105333761 
0.23404930689821352 0.5182155229589145 
0.9480019569747588 0.027994862475485386 
4.412078237481243E-9 1.0109104054473028 
0.6399595983457504 0.20149003155199796 
0.12273811708723403 0.6511037905518039 
0.5248979789909485 0.27678010059757696 
0.09004574732442194 0.7017930483549172 
0.34612413247850965 0.41367086472736464 
0.1520276555680552 0.6117084845415014 
0.4073890788510426 0.36317394695774646 
0.6030402886611578 0.22485496908225958 
0.9365148694657206 0.033702299870070535 
0.8193209472500786 0.09604369963511301 
0.10775313258376806 0.674146071417149 
0.3209777299474787 0.43528002365515217 
0.44818949779003503 0.33314313399473955 
0.6155185222028882 0.2174300686715508 
0.004359176429080569 0.9369141997913859 
0.8952256089784615 0.05555921299593154 
0.5898134997889295 0.23333858300636406 
0.9986254486981997 0.0018245186047897916 
3.6423168179471055E-5 0.9993326860277426 
0.9205658178268514 0.04199964352028709 
0.20068006186662454 0.5538975887257482 
0.034206941217203295 0.8173256091788523 
0.03919114052077808 0.8044450214199518 
8.238698511048304E-4 0.9731040534892654 
0.6513536693875592 0.19479765633965695 
0.08247649580508072 0.7153679239473117 
0.21260063673384105 0.5409595549350171 
0.15999922247814902 0.6018355018448436 
