0.9991716445722685 0.0018083472877588062 
0.9568930616450495 0.023427720107788985 
0.9124225834545148 0.04611872589113056 
0.7494882237586671 0.13556268049810682 
0.6974585101398452 0.16663743888391075 
0.42438355731349264 0.3501452904665336 
0.8312486197038182 0.0896347539667383 
0.01526805255627961 0.8828863026399332 
0.5323712779219231 0.2726059286940048 
0.6687661400531069 0.18424355694646594 
0.924906758921166 0.042197583305040046 
0.1856468365310857 0.5718617239332845 
0.0309237665796957 0.8268158990173673 
0.05618674023007628 0.765057121083196 
0.552447413054292 0.2586064182215287 
0.34142651438835814 0.41821629852270636 
0.3768218545093499 0.3874726179096168 
0.5650505674788978 0.24950810831953174 
0.7712865859028202 0.12292603489139156 
0.601290248288197 0.22613881772469252 
0.30856700611769405 0.4463953186145714 
0.0010183486216521088 0.9707128556668974 
0.5054763104551816 0.29030419004025176 
0.8590773261568607 0.07407294971906409 
0.813427715854911 0.09978775401697536 
0.6152522878158735 0.216897305132482 
0.5399142192790283 0.26655638459099135 
0.7610520100113661 0.12895323041676449 
0.02963651488797664 0.8388942970765696 
0.5870485487157555 0.23513382908976485 
0.28867901994046413 0.4689901098004069 
0.00902540836598753 0.9071796071723067 
0.47876648930928667 0.30938681903435594 
0.9740173378376933 0.01465050639231334 
0.006357007944352566 0.9226843559232887 
0.09275566028503188 0.6972905947323605 
0.04597799206159153 0.7878855489061897 
0.4639472377783706 0.32028127876043155 
0.2618875649615018 0.4896924245101018 
0.061948970090569044 0.7533834088594803 
0.1446712879917767 0.6220038008118148 
0.9392491824225784 0.032324207427028 
0.8695751092617785 0.06904136537078273 
0.09949610760072661 0.6868130210587166 
0.36376250920022646 0.3984040787672548 
0.2596047430199435 0.499036898187003 
0.050281694367142665 0.7781186441257015 
0.0024688297968467375 0.9535460009683666 
0.6837742300436372 0.175020299280188 
0.10629230340793405 0.6764038551049373 
0.846376668451438 0.08110956328602704 
0.2305323989099665 0.5215470378540977 
0.15934362223043907 0.6030457680152962 
0.07369076421914361 0.7305209261668318 
0.3199966672263859 0.43551768842922417 
0.8815590861371134 0.06239841957870139 
0.8958669868939927 0.05465127694185839 
0.06748466279460544 0.7431483441383292 
0.24124476551237 0.5104541177255579 
0.13304405970810002 0.6371165393196455 
0.12618008481641302 0.6533202633617777 
0.4034265521861074 0.36662678070095195 
0.08543802194433528 0.7098684701685487 
0.021061738590259838 0.8571245305807035 
0.177589402227169 0.5809385755414528 
0.7362320819474798 0.14352697383731577 
0.22155390541064984 0.5313534025044282 
0.5184339373582391 0.28543798101766477 
0.6446749913631272 0.19918973364951983 
0.8015212995648342 0.10611699288079166 
0.7084042439720406 0.1598010491296237 
0.3906637840209806 0.37629365895434913 
0.4941220833115819 0.2984411838743227 
0.33172608578968454 0.4262576633258885 
0.6549955030507222 0.1925990277693857 
0.9874298448867954 0.007734106943877021 
0.7247935387308759 0.15024911288727613 
0.2002453359247291 0.5550837763174625 
0.004254657690917086 0.9379151405182279 
0.21127688212933854 0.5420783089500718 
0.16671438331521493 0.5935349944469179 
0.4131079225431516 0.35871323403220345 
0.27061029646703455 0.481259715837429 
0.6337645468696048 0.2053424948630265 
0.4501512149338276 0.33084398706137286 
0.016089658633553494 0.875303195791208 
0.012235206908450202 0.8915885845995141 
0.07882579845442317 0.7211652875074297 
0.6239785203578345 0.21160895042610642 
0.0368360467388524 0.8100100213481706 
0.24852188668943637 0.5029401543435426 
0.11246498986248685 0.6664853477560375 
0.5777632293019566 0.2419152498149244 
2.835813023518022E-4 0.9859207321927685 
0.7851419296494495 0.11508366428978194 
0.29943819960572277 0.45508283098791374 
0.35252617700278754 0.40800070252675913 
0.4356134053309252 0.34219908141651667 
0.15140578970011712 0.6132114242512857 
5.81742828810114E-7 1.0028929818519845 
