0.5467937111368437 0.2615451809201305 
0.141292365688498 0.6255702784731492 
0.17267949953763506 0.5866077304682211 
0.9385045416145998 0.03242423973756451 
0.3277083109856488 0.42894988202936585 
0.014221997152639054 0.8825979598862689 
0.5818076512396549 0.23838057109893318 
0.4317120906947476 0.3467734840531528 
0.06374118044667759 0.754868835523696 
0.18170208530312848 0.5756642672871235 
0.6092271200854009 0.2206177709172401 
0.2832022570146551 0.46929381175385493 
0.4137681628617549 0.3584332040327102 
0.9474630335714744 0.027499573511692584 
0.7175969014247345 0.1542980429000469 
0.9671625835704942 0.017571360846080592 
0.617940411889815 0.21505859683143855 
0.5931401175240014 0.23103421269181212 
0.5651770147399406 0.24963134444423857 
0.01706623983688904 0.8717060019266605 
0.16080321959660387 0.6003632073762651 
0.20318156342631793 0.5509559009529824 
0.7990289262929483 0.10724562599284855 
0.024856164671263087 0.8439572857867768 
0.10245039180719252 0.6819298703004065 
0.02867791071564313 0.8326024786176609 
0.3923085610523365 0.3751694341843715 
0.038623403871661965 0.8055378577781128 
0.01149318055836671 0.8950688170293516 
0.6454009699195292 0.19950785112180033 
0.04826485755985439 0.7817108032911393 
0.3827565765763715 0.3830281584602054 
0.08692146635072676 0.7068444721251497 
0.34877424792396977 0.41079522762193227 
0.556701684541782 0.2555377789817268 
0.37263197269726356 0.39075478125192264 
2.728705259524844E-7 1.0012925910521158 
0.15101156068374488 0.6132682020783067 
0.8352650131925233 0.08722350689496704 
0.2726779516063249 0.4791011832509202 
0.6672741223033244 0.18455020011434783 
0.053707885831097646 0.7700784408099861 
0.30056928631487595 0.45306888275057433 
0.6925765325690126 0.16888484738579077 
0.40308319769934337 0.36680152576549835 
0.44149067196293923 0.33713049330421546 
0.7355558514380816 0.14332371785366363 
0.5078750110490601 0.2882727174611364 
0.536851731225175 0.26851042961828997 
0.7255506520089894 0.14940457884539962 
0.6810104597662596 0.17936308652826013 
0.9823015398306658 0.009776422077390445 
0.9052759079920654 0.04950159138052477 
0.03331474121084916 0.8189486317408179 
0.8801511990136526 0.06278244795918322 
0.002394929893399733 0.9524803999441324 
0.13184482911122908 0.638559621222388 
0.8935804348952473 0.05593636715470091 
0.0713822771003852 0.7344039145597744 
0.7041584310101018 0.16222430046041944 
0.8226904234691566 0.09390593107844325 
0.7747137128041688 0.1205332487388747 
0.23010109970219286 0.521892512285548 
0.7604413043871155 0.12924270871579854 
0.3129772251319444 0.442095610069205 
0.04354934610009825 0.7932599578622126 
0.6341390415239175 0.20668305358493796 
0.07678521729760823 0.7245752172253903 
4.254990908553035E-4 0.9814693373529847 
0.0011350853582155242 0.9683158927646934 
0.49106139679284655 0.30077011814155874 
0.3375194262461473 0.42032776451671255 
0.007830122331926426 0.9137651485697766 
0.020209918736696364 0.8595595885003111 
0.6559917239105788 0.19092784674604713 
0.21869482139682528 0.5336912868515801 
0.9999576681509502 9.018040224642638E-4 
0.12070403974798627 0.6544412202476163 
0.09462593496104926 0.6939156151560711 
0.9578832256353398 0.027322165626410728 
0.49900062065636985 0.294725282817303 
0.28978980117632835 0.46277727721076706 
0.479899647270487 0.31132249369478715 
0.7470112750426233 0.1365480439247008 
0.004832862165101315 0.9328317490476424 
0.467157392126046 0.3180108027973144 
0.3606640151201682 0.400612826340457 
0.25523692041088175 0.4963456219267899 
0.1919854054220393 0.5633621862965795 
0.21238348415304828 0.547409452832817 
0.8651301565836828 0.07147895394265331 
0.4548146395240791 0.32713795580470933 
0.24244261552226576 0.509118506654606 
0.8102475493919807 0.10062605918510763 
0.9208498298334868 0.04139971505024432 
0.11032870097629671 0.6691819699400664 
0.787562013399009 0.11372879460397152 
0.2641776655090859 0.4878437379813737 
0.5193813256540637 0.28102879765356786 
0.8486452943101361 0.08029242034854402 
