0.024251534996470536 0.8581697308950633 
0.6053753853858053 0.22304380659687043 
0.11096805548415382 0.6685860256537498 
0.7375643192299304 0.14370159282394487 
0.40848149100749387 0.36245564252889145 
0.6551024745392352 0.19161904037739297 
0.05910444048980848 0.759064684201454 
0.0069445945683869695 0.9193004077408928 
0.2299483070720913 0.522598219053452 
0.8370595956545198 0.08647810632191523 
0.8620769773480446 0.07446818364075472 
0.0034163757700647612 0.9443054554307867 
0.06648024809999117 0.7445114848999109 
0.9985906326620518 0.002017837632097538 
0.01549238565752177 0.8775584742315788 
0.027841791022494344 0.835271622333461 
0.2037292527697668 0.5499689537638829 
1.4643065949793501E-4 0.9904993254792386 
0.26364472521064564 0.4880460089918575 
0.08642937866615397 0.7084749971301794 
0.04434119355789094 0.7911130916733202 
0.29516049431540575 0.45865683504861393 
0.2202482039070231 0.5326518746430116 
0.6383035612432979 0.20269474350650027 
0.3459812010482425 0.4136531246081459 
0.02250749197401697 0.8680028412754007 
0.07251752987611304 0.7335923899385409 
0.6689037466104628 0.18324823537471757 
0.509778677423427 0.28830313743833413 
0.711126126344574 0.15902888211723906 
0.18540135724522233 0.5717085705420998 
0.944614155578463 0.029447267037499204 
0.49537931284435566 0.29763184333365617 
0.5563251266017488 0.25587303748953094 
0.5800507549126355 0.24010063739689594 
0.039585728607100634 0.8034654974281711 
0.1647707096344126 0.5961301149069679 
0.5694042083659967 0.24717151013078997 
0.010052531386110744 0.9030403992923187 
0.2740642167349927 0.47858833416677576 
0.8261445937478782 0.09250204203497638 
0.08049154549827947 0.7192130943652143 
0.5329832751455815 0.2712026605942524 
0.875529647097946 0.0656681733162524 
0.4307128614756198 0.34578423856862694 
5.793942477338519E-4 0.9782725414435496 
0.9690610290486844 0.017339763602519865 
0.024621350570432743 0.846747362843054 
0.012756584750103106 0.8891992079166413 
0.3066308344046442 0.44816148501705094 
0.4716794664491236 0.31484347073768415 
0.10376663948481302 0.6800617793403743 
0.4414889594999439 0.33776767683200365 
0.0015211857923148053 0.9635571631044335 
0.9190395074407938 0.04258321833209308 
0.420645145979441 0.3530948439338541 
0.9811325882469217 0.01100812170480248 
0.24171846673877728 0.5105217764054681 
0.6829059062737847 0.17541241949878852 
0.3592787148476511 0.40294737028748123 
0.14966466361795908 0.6150902197120881 
0.798282483230648 0.10785103092243703 
0.12477775015570544 0.648414833936519 
0.21138083065666058 0.5424043149698986 
0.7511279596268574 0.13764667728407304 
0.4576213501085211 0.3256161585857886 
0.004720984072461465 0.933138831444889 
0.7660567089529845 0.1264451629409552 
0.03628938030933268 0.81855137966374 
0.9596089239632339 0.02196631653058652 
0.3738996447154242 0.39019928203310916 
0.7816548400788368 0.11687279599674966 
0.19475379953852873 0.560030437452565 
0.15679927505317665 0.605943597342738 
0.13158848279453927 0.6394123328821302 
0.6165373782717181 0.2164890143733635 
0.04854159805242059 0.7818400407248587 
0.8522501199941848 0.07821628533695037 
0.9047644956642602 0.050694854047078346 
0.3343608549576146 0.42391806407325305 
0.6962002273101676 0.1680981477764761 
1.733847074872341E-7 1.0017297607346916 
0.48241767697942745 0.3067680620428028 
0.09777221568711869 0.6969005103387358 
0.5442462356501168 0.2636841159653469 
0.28436465011177303 0.46812925708126085 
0.7247983906017572 0.15022541669036377 
0.9313166396797562 0.03667828875458172 
0.11841740308836615 0.6580588930266895 
0.25351708900242687 0.5004671397266229 
0.5227399457219697 0.2793728024980145 
0.8096760912389567 0.101897015868524 
0.1407980653630308 0.6266857620738497 
0.3855175248033998 0.3810778410646299 
0.5947758415212244 0.23005859191037908 
0.8898650685944005 0.05860624269296628 
0.054668346091901354 0.7684981964674417 
0.3965368056417258 0.3720560270478578 
0.31817053166458537 0.4373068598541151 
0.17382612597630512 0.5853243946598327 
