9.003569205175262E-8 1.0029369894425086 
0.9229329031173499 0.04148090125724517 
0.6251553606813791 0.2108579732020303 
0.7438072665442164 0.13891077817430889 
0.030364985013454332 0.8292678142311583 
0.1603125750619984 0.6025372466902118 
0.6760795377085153 0.18011929489468087 
0.8553514763217043 0.07656717817628135 
0.7791361877947638 0.11884519569607169 
0.9003030523034897 0.052380487934946804 
0.34536031049273397 0.4149912363053227 
0.6161304121097049 0.21776589489275683 
0.7916028285995207 0.11150996897111566 
0.6360129166467978 0.20434830120987812 
0.2424879093322067 0.5097390160757047 
0.7690541366220633 0.12891902013017878 
0.4831482954410442 0.306437050197667 
0.3145449140665522 0.4422141835437241 
4.5773355023159823E-4 0.9815646331325907 
0.9598955757045728 0.021605788565966372 
0.1799260454621533 0.578559480563793 
0.8647515032508517 0.07153710641908691 
0.1320101593414647 0.6383997883545375 
0.08708657095273575 0.7070351428638276 
0.012892710653124168 0.8887862974812786 
0.934266101698429 0.034977595873269936 
0.009986342714660423 0.9022133201588719 
0.24933254947496902 0.5020652417629665 
0.01645851857010166 0.8754751701632265 
0.30292469988905746 0.4513797682906844 
0.10585673972680348 0.6774764080147568 
0.04384457401985338 0.7931613198056507 
0.12067601554126517 0.6549734724070042 
0.9848187362651798 0.008708914507775807 
0.6061861155070302 0.22281223930550073 
0.11264482182643146 0.6667277061894107 
0.9127522191349824 0.04569035686412244 
0.035677282839829155 0.8137111154084572 
0.4707315401120473 0.3159418569189383 
0.06074678871058964 0.7558322994615291 
0.5031812550648113 0.2924330961064379 
0.357388204766001 0.403265619399516 
0.7163595736858175 0.1551519251208895 
0.5557228195866627 0.25559558262392373 
0.8870369608795443 0.059584734024400884 
0.4536431462647781 0.32893575431715855 
0.7304359573773697 0.15224307567752596 
0.5396006107640925 0.2668435001642815 
0.2610529588924779 0.4912306898411126 
0.14127055730371635 0.6263040614448163 
0.2283664840548415 0.5243039107715326 
0.5937794995436427 0.2311654597145513 
0.19110902073097996 0.5654903287114362 
0.024386685769131 0.8463991761665106 
0.702525973986641 0.1633103359853761 
0.7543686712458569 0.13267508001883618 
0.8760959604307257 0.06615154233844592 
0.8198901200523565 0.09680460462909272 
0.32550364965969303 0.43159181135613917 
0.19836225781465028 0.5565345199306956 
0.663071557821661 0.1871181759377752 
0.9449844653716271 0.029265981734339464 
0.019825236509909916 0.8610357399053349 
0.3345947597495015 0.42298209708156664 
0.09667608265322664 0.6914265187509534 
0.4916950326137292 0.30120838068701844 
0.2830325841409064 0.47008238046146983 
0.6494617847865813 0.19619770905981432 
0.8460024962822796 0.0816821168957156 
0.39582820776219774 0.3726592946882942 
0.2918601949414674 0.46200576641158875 
0.999502231059152 0.001445201175324598 
0.0012505443819414187 0.9669218652258904 
0.3840273557676387 0.38208871374724745 
0.4203218450495245 0.3539380465616144 
0.07489558787979161 0.7286501733881252 
0.003969445708047496 0.9393222857523423 
0.005520446274071111 0.9277871965938319 
0.5265027626936177 0.27587206234668105 
0.06851062844098299 0.7412660777912815 
0.9722476949576346 0.015515233852404957 
0.5139214927669875 0.2847057223151949 
0.2138261817999833 0.5398998286779161 
0.6903949661854961 0.1712768308260625 
0.43164636955472 0.3450346898092559 
0.08109869267640846 0.717531426600313 
0.8323849361661346 0.08886693032391912 
0.20580009390057974 0.5480556483854281 
0.14973586911330455 0.6153430545908712 
0.37315147060887227 0.3917514244583662 
0.05082726660581916 0.7768017365101612 
0.5688825200813172 0.24703748537089953 
0.44240095902092713 0.33655114822303545 
0.17156446562296854 0.5890463797288139 
0.0026277700049214692 0.9520821416203984 
0.5805479602844872 0.23990814185647888 
0.8022195695225987 0.10578031333040604 
0.007569998013178647 0.9164428217666355 
0.27392371072956806 0.48153780613483255 
0.4081770796230452 0.3638184489609186 
