0.35354978633107303 0.4067775295181616 
0.6324371267701795 0.20592760106161895 
0.911230534797131 0.04652594336610072 
2.754080598137696E-7 1.0017168664549103 
0.03937712095602719 0.804392743404874 
0.08311831419393728 0.7134160374123093 
0.9802577678008093 0.011287784146177197 
0.10017356505871683 0.697984826234624 
0.3829767865997917 0.38267035564437923 
0.9650890703589241 0.01864856951524281 
0.7682630000604715 0.1247423891960023 
0.11785805367592632 0.6590841331340472 
0.39358900515715417 0.37406523124811175 
0.719205426521514 0.15305266380553528 
0.8294944716068139 0.09063094212402416 
0.13496635598936407 0.6345563975604929 
0.04962960783690075 0.7791266840503495 
0.864804509911271 0.07135694649349518 
0.9352657742405053 0.03416010323863226 
0.5225853847696924 0.27800353257825333 
0.8063889575636403 0.10310801794553286 
0.10068676228479856 0.6846315182606768 
0.8759951004166463 0.06515526480325376 
0.0157376501496031 0.8768531235811265 
0.0031421302954356065 0.9464649296392923 
0.5777171306242364 0.24088135525260168 
0.30941396368588203 0.4454316055992377 
0.6596418546154927 0.1889011280287552 
0.26455354710642665 0.48715121747677026 
0.01269482602698066 0.8894561611633943 
0.32073702188381203 0.4349646314654718 
0.19409815502886807 0.5612433869492627 
0.2990319087718168 0.4547035368746992 
0.6433318973951222 0.19937396906159313 
0.2405597868177365 0.5119298078113496 
0.007674436926382033 0.9141646973440967 
0.540125019740312 0.26657745939953537 
0.1891980432641126 0.5766922024653284 
0.678242350943663 0.1778064753568963 
0.17767538599457078 0.5801627603896696 
0.04355961133390109 0.7933498874800746 
0.7558382888718513 0.13194049889103676 
0.729058952208548 0.14735283779695724 
0.09017057741305079 0.7012452586441263 
0.9226141861388734 0.040610624307733684 
0.40540477697966376 0.36449123819648993 
0.8189718880496784 0.0967650418128963 
0.4532067828481672 0.3355921673937363 
0.7793434394757246 0.11845228095638333 
0.6218829213383897 0.21266664102131966 
0.417199860201079 0.35585154679724307 
0.8404759858888757 0.08438200052912205 
0.44095893464099134 0.33735084159091444 
0.7412604406448027 0.1400564363563395 
0.9516855657864752 0.025539747759826474 
0.10795836793297092 0.6730371645184762 
0.030376568217304306 0.827122642426401 
0.2870665954743764 0.4654465620798261 
0.8874937835348213 0.05983995204401012 
0.6009516699181955 0.22614571594452457 
0.12382737957537696 0.6493258770914146 
0.4653452967372603 0.31915339293823275 
0.9997655085784981 0.0010979339902127286 
0.3693015944655079 0.39418859153871355 
0.020004815109868346 0.8604736862350088 
0.15486464953891915 0.6080987882156297 
0.21952530308267887 0.5333337075461929 
0.20628173273330225 0.5474676378732788 
0.3417867004519817 0.4175294912033433 
0.8495315918916067 0.07929155299607187 
0.6933625563576433 0.16847062322661863 
0.025848416626072707 0.8421042903172613 
0.07000835936138974 0.7377552992624508 
0.2757581824101333 0.4766597287363279 
0.5527048993925294 0.25783482845902844 
0.03408751533359117 0.8172922959301505 
0.005044575134595501 0.930989852807502 
0.07627899396449367 0.7253027499477405 
0.06626403531864727 0.7493767453608047 
0.5112057406609366 0.2865885674326784 
0.0018834928647360957 0.9593843330456687 
0.5668523832407266 0.24846446346075843 
0.4904632674304548 0.302678765747024 
0.5005328236306273 0.2938445566819362 
8.084835253332669E-4 0.9733670043791576 
0.8998762307643807 0.05281813547017501 
0.5884779100528144 0.23432019469536827 
0.3317288074203857 0.42560674975095736 
0.4759110850487669 0.3121613016597221 
0.22671374340031483 0.525361415246622 
0.4291241036588298 0.34699974834573694 
0.7065485367111499 0.1606877171705875 
0.14697054673521004 0.6186988866187497 
0.010243243239297841 0.901016394278345 
0.794209843895584 0.11013524607041143 
0.2518517671214454 0.5000445671152048 
2.107632336942611E-4 0.9874046263273211 
0.05712805374608774 0.7631585512233371 
0.6113607793085588 0.2191980149257977 
0.16395858111348188 0.5968554788283109 
