0.2019428283798889 0.553049678508489 
0.22089724995766186 0.5320301000570363 
0.5509427289349647 0.25924047468873285 
0.005569668052262389 0.927491474831712 
0.47226382396959166 0.31439672300881516 
0.278267445877025 0.4744623995219342 
0.6605308198953839 0.1892927060411743 
0.05900565164772862 0.7610959993660227 
0.12992399669654264 0.6420420287173314 
0.6019068238147958 0.22612278952635328 
0.17134931265986658 0.5917030139835591 
0.02763044128971197 0.8361839570317281 
0.32389766426866556 0.43267719314164027 
0.9832282425897323 0.009810009175122595 
0.9180428830566433 0.04313279699038139 
0.0518305064445778 0.7748501904828939 
0.06439398097411303 0.748421236167234 
0.1915259133180627 0.5660069362306358 
0.5670777460066686 0.2570394760169671 
0.45038311364141914 0.33004000535090433 
0.9287454655889861 0.03760404540096436 
0.008053130432639166 0.913229618133945 
0.616557527969103 0.21938439281809552 
0.6394598485852402 0.20200173674474023 
0.29213851724032286 0.4616667771954587 
0.7961110538820272 0.10948339749073556 
0.09330503264061019 0.6964022039909514 
0.15941097810530339 0.6033634262980209 
0.04414747771748742 0.792188148715498 
0.21213115795104873 0.5415188630097063 
0.303610287790433 0.4508308272340194 
0.8706985135756119 0.06829637433405208 
0.18247045491983704 0.5778460989722172 
0.43685561578090243 0.34149422641090127 
0.42586789188432406 0.3494283849934372 
0.07227909394929641 0.7356430741371159 
0.7845827234650851 0.1165325602709511 
0.1077594299813851 0.6730857061116925 
0.7465571388804333 0.1376307222917702 
0.762903818247435 0.1289621177037599 
0.9533275236443053 0.02549600658673436 
0.9071172986308484 0.048788470280764225 
8.772345619744853E-4 0.9733472481157756 
0.4048281552250406 0.3662829753624218 
0.701464098149333 0.16595421630003465 
0.15095559738758227 0.6135751870086249 
0.014983916362332456 0.880429744697055 
0.6296257565257576 0.20876107384473114 
0.5328955460081914 0.27168759302055734 
0.34668428225357184 0.4136067845294468 
0.0038563399641010077 0.9415587477575634 
0.9409435455539392 0.03129494943049017 
0.10069735156397501 0.6853445886372269 
0.859411626524503 0.075176774009687 
0.5075854716940151 0.2895338594377913 
0.48307814549990596 0.3075398933331904 
0.7720856274246464 0.1228399132460841 
0.3579891345341011 0.404165046690935 
0.2652570846413648 0.4864955873159257 
0.9998282707052453 0.0014733472490715872 
0.31413723723227216 0.442155452573317 
0.03796848111063217 0.8081196412884287 
0.022583739815725173 0.8521562524109147 
0.001893320922010288 0.9590465969132909 
0.24884097509221303 0.5030241101030732 
0.4961952883922057 0.2974422996417475 
0.6865014374185737 0.1731367755629394 
0.2580195917195242 0.4946121028350694 
0.8947389202160857 0.05622185291883141 
0.5786081836081644 0.24080585309896044 
0.8480663772669326 0.08021578242265229 
0.0845498635055284 0.7128090058450128 
1.5819810665605156E-6 1.0014379205289996 
0.8111403938709565 0.1010769400438299 
0.4618736255077099 0.32256114731012303 
0.8343145499862245 0.08881173728932759 
0.7162357462982805 0.1556244299431844 
0.3787322035645396 0.38675276029180616 
0.6501846218386181 0.19533805641528387 
0.07862843109982243 0.7226036663071012 
0.39259028148845576 0.3757379918608047 
0.11385733755676683 0.6645266379441966 
0.1405487854687033 0.6270007498569579 
0.6737952351374816 0.18124587075371298 
0.2406221710650058 0.5118997707602841 
0.5211655342075461 0.2803661777574919 
0.5921631137559282 0.23246717707004616 
0.018336119237148563 0.8680743882614036 
0.03151678236537747 0.8246925731752744 
0.33563739939231646 0.4229758492388365 
0.12378558331473258 0.6514573185553538 
0.22966093301835847 0.5234001004087273 
0.8237752207811131 0.09474973601778561 
0.41628873921722614 0.35739160891345617 
1.6458358496579395E-4 0.9896776380451558 
0.7314927435088223 0.14659428621683335 
0.012173230950846159 0.8932332607855678 
0.9669960395821939 0.018072636896450698 
0.8835043294337594 0.06170283069947483 
0.3682780955793777 0.39659440315995087 
