0.5657166877635437 0.24922916117702093 
0.7049547240177473 0.1617808225011239 
0.3512008102479315 0.4089627102759264 
0.05978912788789836 0.7581311607057606 
0.07589970351824044 0.7273618008263946 
0.7872992389199618 0.11442950079858052 
0.016636538343703516 0.8731517984534172 
0.04859613555728434 0.7828485883109969 
0.8276148861633761 0.09175769617951234 
0.27742155513856026 0.47566853660611375 
0.26607278549316876 0.4857839631061839 
0.04131314661415271 0.7989002196475957 
0.11548531827531389 0.6624090885388599 
0.0927347201558274 0.697557276510428 
0.8572945339183625 0.07577883892864122 
0.02759112882031106 0.8364419667079629 
6.373655374097495E-11 1.0081292986402446 
0.6280557830596365 0.2089706500679753 
0.25830114637998197 0.49310226798255535 
0.6804172076824706 0.17703342167802677 
0.05388914268154704 0.7701465824335118 
0.29007934186139317 0.46393901303615603 
0.8941780630651158 0.05652675503977298 
0.3110282896909554 0.44391375854988746 
0.9060874601699213 0.0495066502629428 
0.22418331300412564 0.5292461395912427 
0.9993486261015464 0.0014621444665808567 
0.0013977600018693082 0.966279919285259 
0.8163473672827256 0.09818722065670507 
0.9839947506676876 0.00954383182220516 
0.008140683702315354 0.9156099581569649 
0.5111427821234794 0.28738858723535754 
0.197004756819256 0.5578771572364384 
0.1634020842198119 0.5981693819206618 
0.7275501944369831 0.1485305352885982 
0.32568874341036425 0.43170072790585445 
0.6643575629072798 0.18677499605915088 
0.24889548659922126 0.5027583942756141 
0.9668834291263497 0.01817222835352925 
0.930453949265077 0.03679181841964111 
0.7752984748248708 0.12113039933620173 
0.0996854536137125 0.6861648572334298 
0.8014675635129653 0.10631237134097865 
0.38522296238568166 0.3810811013734097 
5.225615795653312E-4 0.9798215898287926 
0.021823047222806924 0.8541253606656606 
0.012485628648158775 0.8906986959932573 
0.6911067937427615 0.1700025373875936 
0.5910106369114629 0.23281187907966697 
0.2353373669095163 0.5170516631328577 
0.10808405130272379 0.675739706450291 
0.7432626628183043 0.1394060040494824 
0.47502795138028153 0.31229392376123527 
0.14602140695536145 0.620685396560952 
0.18018977022599292 0.5773525743033202 
0.5776093830685034 0.2415017958770224 
0.8798898274948674 0.06330065801522272 
0.35879464337203826 0.40280767573530085 
0.9187843135098828 0.04536760186420602 
0.5371410581095619 0.2687397816836166 
0.12280660069855129 0.6513301795749479 
0.4196853131113683 0.3538569275937042 
0.951187549646129 0.025970492146728686 
0.6521125105124452 0.19410278175241305 
0.002625370856062126 0.9510884914535775 
0.170724132772193 0.5888462679282017 
0.8360138153636238 0.08762451444667135 
0.7176492708769817 0.1544037246230662 
0.1903147230704462 0.565218690914344 
0.4994121317534131 0.29514913457162767 
0.08275648203222166 0.7146736474855435 
0.5232487513609011 0.27867504487998035 
0.6165764390407643 0.21636192071891575 
0.8678278796061558 0.07077130288491842 
0.06643707892989723 0.7442594300109866 
0.34132884902430377 0.4177912810089096 
0.03184401562970107 0.8242103418563171 
1.1198351009932342E-4 0.9910914571572645 
0.13733829857172752 0.6320001718080542 
0.36984968519018835 0.3936238297619321 
0.3333842675058264 0.4249260880285564 
0.8477389787623184 0.08102292451832005 
0.5529284595545281 0.258132893295288 
0.0351364946433375 0.814965815876505 
0.4876672649033252 0.3032855903450636 
0.13062716393987858 0.642353317928438 
0.21215940726141053 0.5416887728699595 
0.30614163864563576 0.45410381188176996 
0.3178483845977017 0.43797362563584885 
0.4068325186964405 0.363735560143521 
0.45075414355177024 0.3302960768685912 
0.9411386520835374 0.03139729467956359 
0.6404800360564644 0.2014787810533647 
0.004797939138524054 0.9339029601263936 
0.4636243551661302 0.3211174059237949 
0.43391278536125827 0.3431889110465916 
0.76367133220006 0.12781262560189083 
0.15496480214387387 0.6095562020796731 
0.7538808935823007 0.13353741375309652 
0.6022846995630304 0.22522314315549052 
