0.2504530851436324 0.5020770466641228 
0.015629414115359345 0.8785809768278469 
0.42079160452093395 0.35345166661272087 
0.3006900444232878 0.4545210335362451 
0.41213385072751896 0.3595503969660879 
0.18322861732052764 0.5746258859338383 
0.4575420996834309 0.32560117149876927 
0.1437212631821811 0.6230589722812001 
0.49612824080644197 0.29770492271231846 
0.8652087425031275 0.07105987605350007 
0.06178806036080299 0.7548292979399548 
0.7322389158957997 0.145902311252378 
0.9650926058047563 0.019115758198576995 
0.04053465854651611 0.8057833651500504 
0.402736521000055 0.36695619806803137 
0.018239034670879256 0.8672786118582382 
0.004018952113146831 0.9403801851607256 
0.1540266900104275 0.6098066852579735 
0.5083951065275163 0.2887334827821158 
0.16472236151808828 0.5967474708658308 
0.34177443798652996 0.4173611297248847 
0.12370388656986778 0.6499735606110951 
0.8554532310610627 0.07675454167759557 
0.948303105417874 0.027561578416866434 
0.19732267476240772 0.557899835955894 
0.7918996582838753 0.11147738881671726 
0.8750792729534994 0.06644502521597986 
0.46692898334541094 0.31867152804424537 
0.8426710213234119 0.08360239998586606 
0.03345414581605999 0.8196784450884217 
0.43479672748537324 0.34260568111161827 
0.009535168166242336 0.90544094088749 
0.023509576792210995 0.8492397640667732 
0.8983702354743278 0.05349077043756761 
0.07893646587708383 0.7214092550064672 
0.2599894904653387 0.4925631640341883 
0.9244839276362504 0.04028809366769989 
0.542963324763282 0.26521707363777036 
0.33228132256563647 0.42631167432900346 
0.27507051318969306 0.47801904735424305 
0.22057494176518166 0.5328183032343552 
0.8840662925667313 0.061106651717806014 
0.05318896120366498 0.7719632439290798 
0.0021595742781537475 0.9569075424645482 
0.24012694998331974 0.5124885001240274 
0.22986640606145176 0.5235551114255856 
0.308142255433574 0.4463731639355275 
0.5339264447495562 0.2707571590649144 
0.475914987093107 0.31199778859799526 
0.005826199614769864 0.9274167959006011 
0.04578729845886029 0.7891829476751014 
0.2088866343219747 0.5447296703305649 
0.37079172885406186 0.3924978183688202 
0.6639092381370192 0.1868650936789008 
0.594367672530961 0.23051878654474078 
0.9142374549087864 0.04540567403851754 
2.179911952879391E-9 1.0037237272478443 
0.2873543752965705 0.4659256352276886 
0.5811544157525776 0.23916014706724859 
0.6757883288786197 0.17907277336954036 
0.38036689792456757 0.38518537289062976 
0.6234944983209088 0.2122351530014243 
0.8173887388085056 0.09739027289071872 
0.1738726483367858 0.5855434828836545 
0.11577435558304673 0.6615628153287584 
0.8310692891756966 0.08977456411640627 
9.847549620009E-4 0.971533445214553 
0.44710422714879405 0.3334168694705481 
0.0690886692078497 0.7394972603105049 
0.9362763215038741 0.03395396167266854 
0.027587542380198865 0.8363581730285128 
0.10639397463830388 0.676426537660512 
0.760261778057767 0.12924579476903755 
0.8059384899358104 0.1035249931836651 
0.10025217923397456 0.6858832648780817 
0.6133244204750663 0.21856588514355774 
0.007648805968272804 0.9158235338431824 
0.3213191724594796 0.4370320319859521 
0.09359836859416215 0.6970528114158605 
0.013035877452226896 0.8898275735919259 
0.35298782672065626 0.40809587489048715 
0.5213201218390057 0.27990795192119605 
0.13308199939254434 0.6377443431189861 
0.6404857626990504 0.20173076291105846 
0.3609438920225664 0.4011294470697328 
0.7758560054157807 0.12055953147389789 
0.7031803620212151 0.16337934293323317 
0.48574447348566746 0.30466115879609057 
0.7444403343610776 0.13903496846407623 
0.39199687359962854 0.37581511884007524 
2.817839865635885E-4 0.9864728829786582 
0.5684237886971616 0.24772022552943296 
0.9756687356691667 0.014027684930728517 
0.6514920097806727 0.1945836135213901 
0.9860647569043157 0.008559973851942097 
0.5551781549085844 0.25758897831662825 
0.71869399821398 0.15359326424009023 
0.08506882784647041 0.7107283179476794 
0.6884755508899671 0.17264113514456017 
0.9996781216909498 0.001577270651921847 
