0.006649102812372444 0.9216945844335556 
0.3050007105929886 0.44979575670709526 
0.337711336656431 0.4223799754429883 
3.7472646020883515E-4 0.985643296129335 
0.694833894038698 0.16891320436972299 
0.9499168764331269 0.030816237970538594 
0.2493219271586653 0.5048806021204716 
0.37927897429030655 0.386346846697318 
0.6765550062147208 0.18080635029540498 
0.7298294502053928 0.14816416767740234 
0.7671194073745395 0.1262063813313987 
0.2033700838026914 0.5517216792686487 
0.9897609753260328 0.007129031672652997 
0.009065157776516855 0.9077859549087924 
0.803556837505829 0.10545323838749983 
0.5630505213705426 0.2510995901641316 
0.23698838228742353 0.5156849642036703 
0.7178967065712748 0.15527048117134737 
0.7557650247060865 0.13254180526768225 
0.414610658407123 0.3583266458782123 
0.7787914905597128 0.11936205437496923 
0.2849053924096726 0.46885445615472293 
0.08355317227662862 0.713425724873728 
0.6325538886232421 0.20744801298580287 
0.115495995832268 0.6623827439304695 
0.029061234538736602 0.8338199755456749 
0.45780811745265415 0.32608625507469335 
0.655135359081268 0.19302799636749163 
0.8333153511736819 0.08926779134151255 
0.9654045822791721 0.02093262866907488 
0.8664920849634878 0.07219419679240739 
0.9383422389486021 0.033022593527798974 
0.3149762786614192 0.44221067773813816 
0.5527303956541922 0.25919411508402806 
0.13143645727068992 0.6402890334082324 
0.39083486880254004 0.3770775058033825 
0.44198018522841664 0.3374180582521748 
0.4017019966222364 0.3685090127233502 
0.9993972888908886 0.0024024820312579533 
0.044119559747324066 0.7930913478833684 
0.21258458570238842 0.5416435891887381 
0.09230190400542909 0.6985769801864635 
0.5911648345819224 0.23351717567143268 
0.6665167158374791 0.18478962355604509 
0.3665460424340928 0.3967264931028268 
0.2560987024365163 0.49636503744685934 
0.2961396862025383 0.4577208333866187 
0.7431732895571554 0.14062076549995953 
0.3496146931190474 0.4127035011944508 
0.4258876698030514 0.35034569538545796 
0.0020552977619725382 0.9587368067302444 
0.10916239315333653 0.6733401347605039 
0.6188990127470162 0.2168069437297466 
0.5091852561997633 0.28985582424388845 
0.012587164540471235 0.8900894520813255 
0.4982822616730672 0.2966097476701844 
0.5745811423103995 0.24388051085459922 
0.004597575667992057 0.9362673296852533 
0.9153985358794454 0.045566109986637356 
0.03758254886971246 0.8092842181575574 
0.8872054340043976 0.05991632396923745 
0.1400364363833702 0.6300474338829137 
0.4713905450741842 0.31649332945201675 
0.6016886359484778 0.2263254562597397 
0.001206352316836301 0.9687744442771773 
0.07527371347150226 0.731058756774389 
0.05883782580559518 0.7606338727909142 
0.7060415825900496 0.16125560128467276 
0.582487344851698 0.23846561079827416 
0.7931127249488602 0.11163307702481415 
0.2645572594057751 0.4878550089576126 
2.109065343265659E-6 1.0016877529028971 
0.9014149146307259 0.05287022261716488 
0.8492047850630193 0.08046109516444701 
0.12331782124587648 0.6514225992472563 
0.5359263436642943 0.26969568787798354 
0.926975148166442 0.03894003263911116 
0.03471805636615782 0.8205544869197774 
0.021265153317045205 0.8603129528553808 
0.5229808024801743 0.278424844525415 
0.05170625795793668 0.7757977491301871 
0.2745330215791826 0.4785726676731751 
0.48538114425566536 0.305862245896343 
0.06559546272719144 0.7464469548646189 
0.22545580416117444 0.528020541076835 
0.9787026808778834 0.014301262608373283 
0.3277460273974711 0.435724564794652 
0.016528600003680005 0.8750877396041892 
0.15444446323592415 0.6096411893286251 
0.1719094996913978 0.5876096448875967 
0.10101634197571976 0.6849889693687343 
0.35795690692750687 0.4043979659181749 
0.024211977903775994 0.8486680435748867 
0.19154637821616496 0.5651554218118611 
0.16248333815936813 0.5988141834284632 
0.14697399857467366 0.6194833316268812 
0.8182947173129428 0.09797072862963101 
0.18204299220540887 0.5768929909078968 
0.6410599265809607 0.20176022717902203 
0.0032758726878604483 0.9475631621325139 
