0.9338983799099726 0.03481977074543613 
0.323310158600398 0.43424027131305226 
2.383317125179002E-4 0.9876948873424723 
0.6109160234840183 0.22078918825323465 
0.25276560748261845 0.49888139480536126 
0.3027785935687458 0.451522858874602 
0.4700904649282206 0.31632838275305425 
0.22057273973105282 0.5323070814490268 
0.08987745119431707 0.7026507715439042 
0.135133380703709 0.6349708768052943 
0.6376912650960296 0.20387310974061235 
0.018664412427955218 0.8675522795243474 
0.8167425987212743 0.09788589304372738 
0.29356135210363593 0.4607032702126325 
0.7690187298024264 0.12459457082576987 
0.41916244382392176 0.35504309347540547 
0.5986356156873267 0.2285175964553267 
0.06888584166671989 0.7395603184162337 
0.27292145737611656 0.47994407235492104 
0.9465743475271357 0.0284505180993379 
0.23992514017830135 0.5127275679546106 
0.9870392874743041 0.008033221681451751 
0.16011127310293527 0.6029291278974157 
0.5462324198625754 0.2628255788611189 
0.7405202470836609 0.14148993188019812 
0.45333468869118093 0.3284402387328636 
0.22977840419166273 0.5228583159702687 
0.0330966755734155 0.8215364914705575 
0.3947165570370543 0.37372973657219044 
0.21416715676024134 0.5393815551516279 
0.3129446389124608 0.442735176154489 
0.038356467820190365 0.8074601236952129 
0.17963286819042767 0.5788080559550212 
0.8063065134549245 0.10354540049766549 
0.8414157016395427 0.08420527201130078 
0.1057732547282135 0.6775116410723189 
0.6509679134276233 0.19537399091405205 
0.2006660925665497 0.5539599153618405 
0.35249271326623605 0.4082702866573459 
0.3632436140252758 0.39936204178727785 
0.5852935471681996 0.23648089621248797 
0.8815276830282832 0.0629205629371155 
0.9593276411860603 0.021804364438067592 
0.9225974650466892 0.04096619434741167 
0.05016604265205621 0.7786781007735458 
0.09763090379844458 0.6905234257967318 
0.3328422866703179 0.4253692055954605 
0.7840451675345314 0.11582737927986043 
0.8299686447738065 0.0912152578230361 
2.8641513820722405E-7 1.0017997694672407 
0.5586491973121367 0.25481324072925177 
0.5245177747123209 0.2772560697177752 
0.02824554096467302 0.8350015713636427 
0.1908859776940296 0.5649881742084375 
0.8927647318882498 0.05681359374807658 
0.999788579149739 0.0014242411912829594 
0.04407813977746734 0.7920559543866701 
0.6968734035699122 0.16744181220346882 
0.687569129935822 0.17241439816965706 
0.4400816728304876 0.3391290383441055 
0.12422602447841316 0.649713535665719 
0.0010714583152955093 0.9698997708013103 
0.008022159991973213 0.9138526149407706 
0.48432730229616955 0.3062309909205694 
0.5721572009798046 0.24498913582723297 
0.023106048701106628 0.8508099494549457 
0.8566846699125785 0.07682454541936426 
0.9098365232300167 0.04796224069078544 
0.3722256836476433 0.39159161229152495 
0.40701536981638853 0.36414808378350066 
0.5364796214013972 0.2695325931860649 
0.7581978404312069 0.13086061104252994 
0.15106718095210747 0.6140617867403273 
0.8701589822001421 0.06849473074122765 
0.43018347147545943 0.3459626742134665 
0.002389504498780274 0.9543026006114421 
0.9742179219824392 0.014241278716231863 
0.16834757652519633 0.5918880410813837 
0.7961199046188552 0.10971373595143792 
0.34199969564926713 0.4171529357964839 
0.05517160291699602 0.767290858243125 
0.08237950625979504 0.7162006779290102 
0.713467828648487 0.15742308079947215 
0.003932386900251774 0.940112879973696 
0.07451764080664622 0.7304223836774884 
0.38246878791527417 0.3843535303240037 
0.010646279516183133 0.9006083214355737 
0.6249068747235718 0.21151216562453595 
0.6724503591050435 0.18187041013716282 
0.01408917707515324 0.8849315930287992 
0.5043088017188169 0.2918782539423016 
0.11625628644264505 0.6626155224323607 
0.7290348507032811 0.14823899973694127 
0.1434339568537496 0.623738454611524 
0.4926588322369805 0.3005251436034942 
0.2837209566395515 0.46986890532505043 
0.5143916614173416 0.2845987034201678 
0.26254753703149136 0.49097995357212915 
0.06167530801398868 0.7547612587959811 
0.00562824808790903 0.9283964821322457 
