0.18974164524985004 0.5658692553575083 
0.02625769858408058 0.8402232285134059 
0.9780679717631305 0.01204559518088702 
0.5303292528592946 0.2734874276469518 
0.07743642155921986 0.7234380006023344 
0.2758259334458194 0.4806067617055386 
0.45345732855818377 0.3276776492522016 
0.002423435745460084 0.9532161066820185 
0.8494368945842589 0.07954460274579613 
0.014277920998410104 0.8820029696724759 
0.1229125459015849 0.6512860956853639 
0.1054437517174604 0.6768900746014982 
0.06511310236674372 0.7468501745391135 
0.09074767826412128 0.7002724993821873 
0.32137579307943087 0.43492079227077235 
0.6529176669463453 0.1938828803087107 
0.011265359512251327 0.8978295447719254 
0.6306938968664917 0.20709586983231343 
0.38475990380616376 0.38130710854705463 
0.058484329446976735 0.7611361016262688 
0.00788434901440177 0.9132201030118057 
0.3987906462048704 0.3702640018650643 
0.35707150828392453 0.40428859524341954 
0.9136844667433283 0.045594201781073464 
0.0472090001887927 0.7843413755386133 
0.11545389165395592 0.6619010991186327 
0.5072296956537695 0.28913216247257506 
0.9670888212049404 0.018318736676113324 
0.6044267444207414 0.2235398998799694 
0.018183157877450506 0.8666708182595837 
0.005780620886930536 0.9259504895416284 
0.22861967106639136 0.5235250224184967 
0.5911951467246026 0.2325804773137684 
0.48248349414686376 0.30689075124282106 
0.29891536307793426 0.45515266906520363 
0.9888851759493219 0.0071187407410915485 
0.0011982467590713197 0.9675289207876481 
0.7707495634250479 0.12306638387652134 
0.07252639946754591 0.7323317933061817 
0.6633998791812775 0.18656056452154318 
0.5440572731388043 0.2636131212052546 
4.1210140136285767E-4 0.9816030126267039 
0.33405307350350866 0.4244255794905026 
0.9400951095802482 0.03159345439307395 
0.6761827544102823 0.17903219582664898 
0.7837496361205497 0.11597694859941508 
0.26533222968331494 0.48695140017196836 
0.2196330661612902 0.5333501595817354 
0.2867327044368337 0.4660420440782451 
0.24226490741084677 0.5093084100628165 
0.03872213241476824 0.8063144145863884 
0.8894573294418504 0.058047128100822784 
0.43229061866200774 0.3438600260057744 
0.08368469384731161 0.7130747523208933 
0.5686316038813932 0.24809659632090117 
0.310358148821259 0.4449639013344737 
0.9260075968199095 0.039029859963161 
0.7520860648415735 0.1349421256088093 
0.7351643839842031 0.14375522644588032 
0.6197083167105976 0.2144794042881983 
0.09692964377100177 0.6911611084590098 
0.5196484101405807 0.28046840795336647 
0.8235634563048926 0.09353423384443414 
0.8999269497946657 0.05233885222196167 
0.7218058058737429 0.1520211418245385 
0.8367529341188342 0.08660404233443737 
0.4424531000105664 0.33642334215971403 
0.554460071719167 0.257698649573427 
0.4097951082486165 0.36185412774035103 
0.031801021020846865 0.8283674244549704 
0.2108760631130493 0.5425587905169873 
0.9537478063897304 0.024555530224831142 
0.8759787589684592 0.065272127633177 
0.69798578361873 0.16581161062470398 
0.1699661720078265 0.5895666033235922 
0.1604456434286844 0.601149761247023 
0.17953489471386846 0.578234138803177 
0.022256242003021676 0.85224161609455 
0.5802450110984164 0.23970698119761652 
0.25345440835807215 0.49843752310272327 
0.8633872139020431 0.07247807823763108 
0.46909138398165623 0.3166050493480193 
0.8099272581603538 0.10181115986826682 
0.37350639342653025 0.3933842150411847 
0.7964897106654087 0.10923553910963557 
0.9996224812794617 0.001535212963027134 
0.13291112850767928 0.6381078983284116 
0.4210851740829452 0.35266931574475296 
0.6413266899695985 0.20079290997195814 
0.004215605430191394 0.937548199403305 
4.393436653427063E-6 0.9995499937859461 
0.6872103196495531 0.17213130548763836 
0.20020642657841756 0.5546467439542823 
0.04254648997605709 0.7955377884198233 
0.49348639014742174 0.2986881368070459 
0.3451099404029748 0.41516599544950217 
0.05228146572191117 0.7747395274144382 
0.14244895376994304 0.6244120023115104 
0.15116580610647665 0.6130895721239638 
0.7104944757776378 0.15930434062020732 
