0.6598519917548686
0.6599283994768729
0.6598949392440446
0.6605244858177779
0.659775346257094
0.6599070629206366
0.659778741013705
0.6596413818781499
0.6599181414234494
0.6601420868513707
0.6596534355790513
0.6599964189876334
0.6598350863851625
0.6598303404951216
0.6603446449556347
0.6601724855356658
0.6596194602540905
0.660124457097814
0.6597831825096107
0.6597903058702502
0.6603687220398444
0.6596294051156073
0.6603478150548621
0.6598852308587002
0.6602342156681165
0.6598551226810978
0.660105300649364
0.6603327515810938
0.6591548461341945
0.6598196356918855
