0.1539350749159093
0.14581855070422525
0.15117643151407803
0.1356119255045529
0.15212040670602334
0.15901681804161832
0.14072572129265623
0.16615365966315676
0.14504138962034718
0.1304894597365348
0.22487464760290954
0.16078387982269307
0.17172727279522423
0.15640277523274226
0.1544572563246344
0.11638628743550154
0.13543697054467552
0.12999338725614376
0.14738988277045414
0.13033109780119914
0.14990473356282336
0.16045477982529932
0.1634721475571394
0.14936022216725003
0.16096276116962957
0.1753699587852303
0.14645954325171956
0.1508610581363888
0.1517339716077675
0.14036973513430767
