0.8516419141324316 -0.7727363127299418 
3.3288550963482544E-8 1.0009396579450547 
0.6529013773672507 -0.4575901592620568 
0.8233939863963868 -0.4587125865709373 
0.45380232139535126 -0.12346982422232422 
0.6185557696837464 -0.12606187012566913 
0.40948512704419493 0.24093458971172385 
0.2582767258371311 0.2432743730752501 
0.18255568965139957 0.6686177040043035 
0.08295981477613416 0.6707037241894153 
0.622568389007193 -0.1937958624890391 
0.028183336499012 0.8115858054291514 
0.6264407770282 -0.23708812961179526 
0.8448516105172759 -0.749987548729623 
0.8282316997409411 -0.5393683722862939 
0.4168782983934446 0.1444165915994245 
0.841599002451044 -0.7085405398236169 
0.016832492709462743 0.8651841416076862 
7.394070830392258E-4 0.9743573464541788 
0.006201751560252988 0.9217164602803788 
0.1966815435521157 0.5778569760879175 
0.03983153419428753 0.7637871838671165 
0.19001673641468309 0.6260162638599536 
0.6272055165288271 -0.26370934928393214 
0.6328303437795378 -0.3375377897286352 
0.6370362759990167 -0.38128722485188715 
0.022182188149410254 0.8395329147052271 
0.8258113530126849 -0.5038931609398529 
0.6289088112683319 -0.2881321921599847 
0.4269639641616824 0.027768939802254398 
0.6349579499683689 -0.360900046607187 
0.4295936504499547 0.00123500929228035 
0.19336942862749898 0.601077329927527 
0.4339461910084706 -0.037679452857254506 
0.44602325688963373 -0.09784527323751847 
0.437178152254758 -0.059524473401953305 
0.20163125972033363 0.5424332453179093 
0.4233630720558796 0.06678246777779573 
0.4323264356498036 -0.020413785949989778 
0.20592139317310165 0.5090473835695036 
0.22528923853656635 0.36973083429925013 
0.23644118499545497 0.2995681456440575 
0.8288844411692715 -0.5618157700444851 
0.22275711670691914 0.38297496969103045 
0.6208893112410462 -0.16603971062541095 
0.4185604715407389 0.12383257650433016 
0.6464589842194699 -0.4349964800347214 
0.21046710813838138 0.47449466356191383 
0.41090092265052913 0.2218880575383922 
0.42058852381946443 0.09916413604645367 
0.05238150210107803 0.7198457372293459 
0.034582561868585576 0.7848912037668652 
0.009762370939464193 0.900604541402382 
0.8373266697354788 -0.683744690890393 
0.44796438025036633 -0.11551726013716884 
0.2171835857483887 0.43491885306940453 
0.1869518947604241 0.6440259830653665 
0.24572894490100106 0.26617063939389185 
0.6400062521013986 -0.4062515266780533 
0.6201984761740977 -0.15339787508356834 
0.41430447074279525 0.1771757756223527 
0.2122221259564217 0.4611972894410213 
0.8358625396488852 -0.6670322545770689 
0.8250569546734252 -0.49141605703704355 
0.07113335031601102 0.6782303099077099 
0.2326616188389764 0.31967052038736743 
0.24787301075635268 0.2558631382933055 
0.423234163362901 0.06839512528839777 
0.8299825686532554 -0.5813726949692971 
0.8471213274525895 -0.763467371020896 
0.22801821366660827 0.34771878223648867 
0.4402800042164765 -0.08260206152934833 
0.21472744808174649 0.4424145404508835 
0.21919123799346957 0.4099152612660212 
0.8240651849736021 -0.4683171664507114 
0.6478794095030934 -0.4505465727582033 
0.009762370939464193 0.900604541402382 
0.045652976057735606 0.7421901805242296 
0.8326495452565754 -0.6238959711096208 
0.24182476494008176 0.284864422138689 
0.003006338868323799 0.9459404215873809 
0.045652976057735606 0.7421901805242296 
0.21992016957319396 0.4041010031136229 
0.25397275903662425 0.24504230511052583 
0.8388996828461887 -0.7029683030545719 
0.8322979511763378 -0.6092124253845583 
0.18534775265595232 0.658039765463108 
0.8308015996559825 -0.5947839505096936 
0.08219429823829902 0.670980974030456 
0.4275753170969583 0.021477815993209935 
0.6415216347421538 -0.4186520490675817 
0.6312151467237433 -0.3127100409498058 
0.05616079803234181 0.7091348480029892 
0.06888671216565398 0.6823537838342124 
0.0031424377826616418 0.9448023558881193 
0.8349100719977218 -0.6490437415510697 
0.19557351806379208 0.5866020877052398 
0.8338395314999316 -0.6411013372703147 
0.43913329586110755 -0.07552129472929212 
0.6309616437343767 -0.3099932742111252 
