4.590007372691496E-7 1.0008927869768451 
0.8514846580342905 -0.7722652354840663 
0.8236134437710912 -0.462591819216375 
0.6520822685930039 -0.45714873259833555 
0.45413545111572323 -0.12288217592382598 
0.6185050869112815 -0.12471554946029147 
0.2573327199504879 0.24367190199358227 
0.40934384182221534 0.24321482895258037 
0.07995568613922086 0.6717677849357218 
0.1823589525947273 0.6701666107834747 
0.41882192829871046 0.12118927742701206 
0.833803772836478 -0.6401604314752855 
0.8366809729283884 -0.6778217630428004 
0.1891450609674643 0.6310905347628802 
0.6366707880276405 -0.37838848021675825 
0.42251721634615413 0.07737430136177857 
0.0056783167645648724 0.926134430912657 
0.21921061781597567 0.40953734719586604 
0.2478733876709409 0.2592269320604672 
0.8245904498964829 -0.4821691548671094 
0.18312363247365554 0.666225641327849 
0.049286643932755086 0.7311999006783022 
0.002359483929825601 0.9535373316984542 
0.4273794944557477 0.024232899017963976 
0.20507542720836447 0.5164032905114659 
0.8260549721295698 -0.5107808824211246 
0.4109927494149238 0.22168804043125964 
0.2121341370691716 0.46321587129810926 
0.022859037051263752 0.8376992649418994 
0.42921862658934573 0.007700562110147057 
0.013345744122791964 0.8863894513194364 
0.8451565645993787 -0.753537328011841 
0.6395014506521408 -0.40269452291123525 
0.19121941869952366 0.6164310334959116 
0.19432297508975138 0.5955209323557983 
0.03751772265705257 0.7744069767540009 
0.05722468033763202 0.7087777874769509 
0.017199469153008823 0.8685695800412869 
0.22342655334253633 0.3855120961879891 
0.03214226078736582 0.8046663582282853 
0.01913469706112056 0.8536364762885904 
0.19670124209512352 0.5818185885887037 
0.0663234004693753 0.6871632439760288 
0.43371731541463465 -0.03458123902007404 
0.44720026130827983 -0.11177620719857669 
0.8299048514858871 -0.5792823824058259 
0.6339696869287235 -0.350056934156128 
0.8276250345870195 -0.5266874662745872 
0.8320420486145186 -0.6129951351229374 
0.20971705794624326 0.480900418631494 
0.055935129260106534 0.7105385939737184 
0.24351609278347694 0.27011285568295546 
0.22970738857482814 0.33822981500409344 
0.22660287978297974 0.3575924509831583 
0.6196011140328861 -0.14299845671000175 
0.6224607239212268 -0.1905415061397878 
0.6463250714094625 -0.4447176791042782 
0.44513768729408565 -0.10086845727435297 
0.6282113556485729 -0.2778173073085731 
0.045949118687893364 0.7426727149547813 
0.6260571195881856 -0.24632829456832436 
0.8392193372035807 -0.7063849746324691 
0.6431372906350012 -0.42928480040744943 
0.41264169701875797 0.1996483413529654 
0.43711378305285065 -0.06151603781951078 
0.0737790255375852 0.6757806933317034 
0.19997410704519153 0.5548648564492447 
0.2148864541336072 0.4412901563749475 
0.6313371726128701 -0.3176357259488187 
0.002472463403514452 0.9534007149864925 
0.8281870365321967 -0.5499952783289802 
0.8416429031598178 -0.7287558647637505 
0.42478680513941436 0.050916948598788016 
0.6204601092791002 -0.15819219357744257 
0.4358830673364389 -0.05185517837448025 
0.8383613622319522 -0.6975060896823371 
0.19893837969136666 0.5626818206881747 
0.21671596233993734 0.42748184056180627 
0.44122216351077026 -0.08750208583870714 
0.4180432705446469 0.14099660852072912 
0.8297973670915901 -0.5772422917450251 
0.4319637839388447 -0.015642666390566225 
0.008767564157041496 0.9074161229609914 
0.6323727835318967 -0.3320282225699885 
0.414533794459858 0.1748919014441143 
0.03821325729940531 0.771514660319248 
0.009489061387331493 0.901873140954109 
0.2355549158775012 0.3046086467384498 
0.6251209444877108 -0.2331327878680942 
0.8323958498930629 -0.6191745853461992 
0.41538911599938017 0.16402355487138776 
0.23350047409862618 0.320082481225434 
0.42435521295201406 0.07007631112611792 
0.026649291888567524 0.8190443784592222 
0.4132820246639444 0.19100620564985474 
0.41656699872738784 0.1494384911227262 
0.6243774373007362 -0.21973758214716077 
0.8414698624182942 -0.7270639299908185 
0.04343143358419594 0.7554875762225047 
0.06648774968103702 0.6867153931635225 
