4.064795797176224E-8 1.0012845272876856 
0.8513693848866634 -0.7726805960732501 
0.6184432179551415 -0.12432964027885496 
0.4532366957778923 -0.12331123877191635 
0.8234208821784732 -0.45894264364155846 
0.6525212239607 -0.4574649483701331 
0.4094033293522544 0.24193448324281816 
0.25860865923386084 0.24314577921945724 
0.08531482098783098 0.6709002153966519 
0.1822771143955541 0.6706521328339589 
0.6258140143720168 -0.243900659133082 
0.4145176489249946 0.17751037133718228 
0.22580491391861213 0.36224410403568374 
0.41819068559408157 0.12954933179247077 
0.6337729860103896 -0.3477745547604402 
0.22184186051756227 0.3921507329090904 
0.2445629085584324 0.26597885093670587 
0.2060509096193608 0.508830245811319 
0.8324512201363858 -0.6186427855275881 
0.0721028858729309 0.680425676377179 
0.23545300307449657 0.30555571448602376 
0.21816004446445375 0.418050692793297 
0.6311136746006274 -0.3170238191903745 
0.8350703085848078 -0.6576518540096797 
0.21452996051218828 0.4434660561168973 
0.6368400788630364 -0.377998208934246 
0.003208661996361606 0.944613109206058 
0.0408768926173782 0.7609872947906847 
0.6235374456788966 -0.19393445975860046 
0.20891609538550168 0.4865835878897442 
0.2117354089272018 0.46520740573888697 
0.4253593279650908 0.04495896412504116 
0.0011094475794845016 0.9686273163581819 
0.8409094145412523 -0.7224252168854075 
0.8265896127810601 -0.5207222086212454 
0.037169368844268066 0.7742539857190314 
0.6427953779115314 -0.4258612700308951 
0.42333022610776366 0.07181997974340895 
0.646093379342766 -0.44404231706219593 
0.4276686574854712 0.02613546010458364 
0.02604915844128272 0.8213373152360024 
0.19040058079469485 0.6225551491846171 
0.0634771040614193 0.6928000155013806 
0.4214136589789419 0.08962012910277366 
0.41960012156778465 0.11114262974718064 
0.18658201235960564 0.645747403707547 
0.01823413065581092 0.8563258923254454 
0.05910410244882558 0.7015847835194481 
0.047398612496126924 0.7376919892988552 
0.20177446154634399 0.5406099549731656 
0.8463339150357405 -0.7596368430848907 
0.44284117384419874 -0.09582001389782681 
0.19566805056701725 0.5855703110795663 
0.8362786431377762 -0.673284345186054 
0.8310283591336587 -0.5985070170516856 
0.619681545020565 -0.14545411180716036 
0.2531082198527733 0.2486406064022186 
0.8250083245648757 -0.4907076264477587 
0.23070986885396472 0.3314536233420184 
0.6214277688060755 -0.17302478025298565 
0.6397118795275237 -0.40381834902140773 
0.8293206893757321 -0.5699623158101481 
0.4315571526758769 -0.015991216832157464 
0.0320085073434172 0.7962158641812634 
0.23426205363500585 0.3115369436266965 
0.4453619589668969 -0.10624684803397466 
0.8383954039014457 -0.6952419270725787 
0.24696388017638443 0.2582524104756207 
7.580701898037348E-5 0.992629147248665 
0.0320085073434172 0.7962158641812634 
0.828199590477843 -0.5497842498418267 
0.007169202946825826 0.9155906163184925 
0.824933799128248 -0.48499735644393016 
0.012516991870779814 0.8857977104786252 
0.18467701665218406 0.6571532840725487 
0.053505087909706595 0.718081818402122 
0.44922135522819095 -0.1182897959404245 
0.4366715308375656 -0.05891571589163472 
0.8276107349164978 -0.5392139962475018 
0.8300650435668776 -0.5827725122073031 
0.6386886479352318 -0.39669985466683066 
0.6205470873728128 -0.16018782587415906 
0.6293244268734685 -0.2928311290796135 
0.23070986885396472 0.3314536233420184 
0.4296567213363324 0.003120437453849009 
0.015333254016484832 0.8708891911234921 
0.6291405959799207 -0.29095706823131895 
0.1934118429155181 0.6010171446627738 
0.8235130716837002 -0.4596130695492191 
0.8429703757716788 -0.7396428931332724 
0.412756271161139 0.198018752929927 
0.41255890337382894 0.2019357652525262 
0.4342916197981616 -0.04001457606939216 
0.19957625137351487 0.5575359760904728 
0.19244565868732239 0.6081085640450552 
0.6275349719498342 -0.2671749996841231 
0.023385224733071086 0.8324995831818229 
0.8438122019826202 -0.745481962156038 
0.1980224243557265 0.568601297219636 
0.6274969905394965 -0.26658222899631184 
