0.8518462786497453 -0.772895568655153 
2.0926093024196957E-9 1.0020080277341783 
0.8233524419977054 -0.4578791319624153 
0.6527141979005552 -0.4574169496475311 
0.6184977520474968 -0.1251132566169337 
0.4533186861113235 -0.12327680092257425 
0.4094880988960245 0.24131414430472828 
0.2590176877225282 0.243677514473607 
0.18286999516027247 0.6677637315032051 
0.08177319728277122 0.6711612826310899 
0.035269217118913954 0.7824038052797753 
0.20336853869348986 0.5300815944548999 
0.4266264694798764 0.03208998344958862 
0.4228063655057961 0.07369038604344585 
0.04648127988594872 0.757234177046534 
0.8406708517575237 -0.7208225573253603 
0.007783604723259674 0.9124512726033142 
0.624081720123991 -0.21514593357308934 
0.8452856718372856 -0.7545863240514424 
0.2384557009395637 0.2901780396150498 
0.243856906960771 0.26817676282453823 
0.06554835150562355 0.6883730191614289 
0.21896043368573048 0.4111800830816573 
0.6214639503901526 -0.1750901030853125 
0.022593284234263655 0.8372673961657394 
0.21518527152467207 0.43965652822849405 
0.24965422656885264 0.252371753064867 
0.010528489735700128 0.8956252350127513 
0.19791411931846642 0.5704564221692864 
0.6415724673647841 -0.418734144953384 
0.43642246682856317 -0.05662634343432745 
0.8245553453306537 -0.48141789002266977 
0.07775011692549103 0.6724729720824013 
0.23584655536262772 0.3130702387418524 
0.4334430462640724 -0.03334423015890343 
0.003507088199818542 0.9487962868681457 
0.625229281349122 -0.23493981434214817 
0.4292606231831135 0.0049672540653244454 
0.04779702937404495 0.7356240347908499 
0.028051845892713423 0.8125755658969473 
0.41151566326989597 0.21434814419085055 
0.018731728417021393 0.853957730938471 
0.8288776868394108 -0.5622736292548982 
0.42060015334613693 0.09921507012294954 
0.8257809924816175 -0.5057760867266781 
0.8385425299818201 -0.6991748730907165 
0.22148108938315558 0.39273123784622244 
0.6387283913771862 -0.39705093625674226 
0.6288153037073341 -0.2861494440307016 
0.23176411320284016 0.32674638787486615 
0.060774452633290066 0.6978266442983972 
0.6359044652145895 -0.37069690597741345 
0.21097328945951 0.4721778615990899 
0.19061289546986587 0.6248076327824102 
0.21305934536017446 0.4551839839111741 
0.6190448068314188 -0.1345259223075383 
0.22742075804927864 0.3666364069179392 
0.6337524589061714 -0.34752216599719404 
0.4147518043663454 0.1742023248582231 
0.41616348357269584 0.15342200549602325 
0.22385164887390596 0.37598423082976556 
0.43957222641493743 -0.07748449541514783 
0.20665660996056362 0.5068998721771519 
0.8365841790979701 -0.6764677311322586 
0.8273112310307562 -0.5341124599080388 
0.027546502554003482 0.8151313253213547 
0.015318265404271253 0.872202140263444 
0.8315448751066892 -0.5956626197195325 
0.41945297141452814 0.11294513922123005 
0.8345203832410115 -0.6503133271765489 
0.19520512487693242 0.5897397222066537 
0.6206590037312161 -0.16186928576662668 
0.6327642201157191 -0.3365801555440252 
0.05251353098124775 0.7208453880636663 
0.1859926872666385 0.6493716877538221 
0.8324862083946347 -0.6209391325129431 
0.6371055857412394 -0.383115482188727 
0.19361906142146845 0.5997726841779268 
0.6449238228718819 -0.4383173768190261 
0.6271864571650724 -0.2593820495089209 
0.41829880235876227 0.12972243413810575 
0.8267213234452523 -0.5230460205449444 
0.8284803579695579 -0.5554651890232069 
0.05582977427673333 0.7109157765386147 
0.8315448751066892 -0.5956626197195325 
0.001728861747480659 0.9714284551852088 
0.631314190666373 -0.3188900506505143 
0.6474871335255254 -0.44962292635819834 
0.44236740401222746 -0.08261200441393363 
0.43458824295616877 -0.03417834537142004 
0.8484996385418802 -0.7674495657438635 
0.8328196145564735 -0.6257902344532623 
0.6269300500281567 -0.2583566984880412 
0.6297521479046748 -0.29855733900581716 
0.4173204387985023 0.14018466632384854 
0.8342652400680298 -0.6461551264282687 
0.22853859196236137 0.3449453347491157 
0.8370841517973368 -0.6826893937102194 
0.44936126183257785 -0.10572887367307483 
0.0026141590185255748 0.95129532794559 
