0.8519022445918752 -0.7723932079143795 
2.594264104753552E-12 1.0022741216204183 
0.6528526921167257 -0.4574088319514424 
0.8234653081978578 -0.460136446407055 
0.4536110251603313 -0.123165218218923 
0.6184165128957093 -0.12350294700434422 
0.4094378251630778 0.24162114797585663 
0.25722112011495524 0.24342610834683792 
0.0816816687623442 0.6708059414090468 
0.18603076309802175 0.6488210074050943 
0.23591015944350807 0.3065522013921202 
0.2280054711705575 0.34985418341725855 
0.21919230687041882 0.4090839954613415 
0.19343880429190558 0.6010185346513581 
0.6475629802601299 -0.44865476388177566 
9.579678829063874E-4 0.97072473786916 
0.6239823904095795 -0.2153305952019031 
0.641234108735 -0.41674273723795113 
0.42932836009266406 0.0054159997854658385 
0.6256353976501444 -0.24051402103604946 
0.6395591175224432 -0.40402799571440995 
0.018828581529140853 0.8539313635784253 
0.8326505297853453 -0.6119908683358088 
0.05846423590089789 0.7034947552358988 
0.416766035534363 0.14643641257709109 
0.2069686625930881 0.5018987459120584 
0.43476304367859897 -0.04352961333011646 
0.8279470115826187 -0.5402718444591524 
0.6357170999704014 -0.36899072059832283 
0.014177265182441057 0.8761460140279339 
0.4267425703962833 0.034764459728723385 
0.22210137957025047 0.3878872689968811 
0.8247094357160646 -0.4851743302301185 
0.8382353176572716 -0.6960855938368183 
0.8402973393658503 -0.7171461348280846 
0.038241834363457614 0.7708343723769308 
0.22489414244266454 0.36853400593341723 
0.42180820685966636 0.08530041460894836 
0.21483583804398543 0.44253430923566545 
0.8376362041510462 -0.6711939498312544 
0.20100434857430283 0.5468086462403443 
0.003360951927353195 0.9463060883697243 
0.6278397458789787 -0.26814346986970977 
0.04963261427312804 0.7287034697361873 
0.4371705689513914 -0.06228494620649769 
0.8427938959617954 -0.7379417053297159 
0.8293008272097633 -0.5695490896097661 
0.41419904581995187 0.178563732200384 
0.050516559706383635 0.726208443294165 
0.4233464999383717 0.06760564340421014 
0.04222736625964993 0.7556859519635553 
0.2097252608889582 0.4806539281159904 
0.844837924761332 -0.7518166223072072 
0.06914935662792082 0.6812258116270367 
0.44689121827051337 -0.1122742293850169 
0.2112927097677041 0.46821132296836826 
0.41966300830285586 0.1101816267610823 
0.825955748152799 -0.5087484324266871 
0.4251944701308037 0.04944558130435046 
0.6221548115891797 -0.18644329195393958 
0.8339671790494139 -0.6424754187272662 
0.19746539444696157 0.5733107412977215 
0.004935503821877116 0.930535766380645 
0.022846721337979728 0.8353753728709381 
0.8322399415859733 -0.5873482646028314 
0.41585654074942335 0.15758424998126264 
0.4137829489525327 0.19711434092151126 
0.43986135961644823 -0.07942742088230151 
0.8266101997437479 -0.521168837086322 
0.6187836323713842 -0.13024280898099647 
0.4427352261811676 -0.0951267745594153 
0.19234583332406396 0.6275213475100156 
0.028562853298871815 0.8133172694752561 
0.6217442233951724 -0.18015705986176503 
0.1978075325654552 0.5706659492505936 
0.43181072944930465 -0.019101467413701976 
0.06295108908162655 0.695448238173022 
0.03467754067815332 0.7907976156540607 
0.21399631622157297 0.44832755989938006 
0.6292990245216672 -0.29320394747853046 
0.007051267739540068 0.9162758129487172 
0.41097511867574843 0.22189060584691092 
0.41966300830285586 0.1101816267610823 
0.632721809720328 -0.33632435302505304 
0.6325145273207464 -0.3291992043016333 
0.4118325030093065 0.21080014644918815 
0.835975663225103 -0.6510107262864141 
0.2490147754859458 0.2534825597952087 
0.4314897281395692 -0.0164788273842716 
0.011737007230827073 0.8921363124755523 
0.032312531401115396 0.7976310686080686 
0.24399072129119265 0.2756949528460337 
0.6202482131663716 -0.15446057592708978 
0.2395084863084851 0.2851399053976072 
0.20409365132456847 0.5236828125320206 
0.6203329529006623 -0.15627962808988477 
0.6348102943711567 -0.3552639605649962 
0.20299515277756086 0.5317357099634986 
0.6284627227622606 -0.2819099185563234 
0.8235377609262877 -0.46158098280616494 
