0.851720808074601 -0.7727483055004454 
6.839298303043528E-9 1.0012154703287115 
0.4537418537219436 -0.12305754234945311 
0.6184628497831701 -0.12440116112550086 
0.8233546659499645 -0.45769711462777335 
0.6525349685996934 -0.457637716778774 
0.409634536189312 0.23907855609050557 
0.2578150447555655 0.2430721765361634 
0.18259996432182501 0.6691251394306863 
0.082540693857549 0.6711170755207972 
0.6349068299093003 -0.36106566854463235 
0.2133185467348494 0.45309685767807956 
0.8397832852945775 -0.7121048988043609 
0.44378350664198807 -0.1003827796634293 
0.6202575963800474 -0.15497617963694402 
0.2293465174976062 0.3401392002353073 
0.8295193579008745 -0.5738971523720898 
0.8274109009127302 -0.5364504474272859 
0.19988543397545958 0.5552613443426169 
0.6272573521994811 -0.26471692054371315 
0.6227131384033897 -0.18011752339055523 
0.23767563612786485 0.2932859771950031 
0.20792890442788037 0.49418435575941005 
0.05661381717374464 0.7084446171636003 
0.8440842121355319 -0.7464501819860082 
0.6296837489188372 -0.298002945745246 
0.4251794872639092 0.04973345553545411 
0.4291797337394251 0.005969760657818035 
0.02310979168386755 0.8339000461969187 
0.045542052930553634 0.7422832836600298 
0.8378438833823807 -0.6898159227288407 
0.6387712343066468 -0.39673134421327483 
0.437794726822719 -0.06575778640853955 
0.2257950691467434 0.3670183972587495 
0.24183394259314317 0.2757864974478778 
0.19911720940096286 0.580155805608966 
0.8242984833247581 -0.47679718939476934 
0.016563477360339987 0.8656034180724108 
0.41838103713885455 0.1268537916065456 
0.039247831674320846 0.7662724667133345 
0.41628929750565347 0.15217014977831944 
0.441173708351965 -0.08388477409552017 
0.8255754034306266 -0.5020584417400005 
0.83589930678935 -0.6682960158285556 
0.419598849719122 0.11084312025474996 
0.6316426428843733 -0.3226424475714898 
0.021436537224426053 0.8488373303837078 
0.4229223144828902 0.07282986450379221 
0.42157129672397486 0.08746808439730483 
0.4322880597250914 -0.023202274139104074 
0.4349679202374639 -0.04549810705676013 
0.24642609353936748 0.26092451316130083 
0.01334998416869776 0.8805102138050382 
0.004933845517457083 0.9310039348602716 
0.8306321956683144 -0.5917052573507318 
0.051976035686726096 0.7212593860865438 
0.20483533576631485 0.527647285779216 
0.4130966245861234 0.19303272199651944 
8.165326090886493E-4 0.9784205144847576 
0.8339340528493806 -0.6420521964790789 
0.02912046950423805 0.8128556523451768 
0.2077369698585481 0.49557303171272216 
0.06863539701915183 0.6820166211001051 
0.18888886957678613 0.6313083514009044 
0.010391719065807825 0.8966021388696175 
0.6253309246925399 -0.2353664029898989 
0.008125959302388255 0.9092012240346335 
0.6436190871074087 -0.43225599574909607 
0.8264856616394579 -0.5191999608004949 
0.6420611379245995 -0.4227201071078383 
0.06501326524256078 0.6954091071380943 
0.0016659422541312522 0.9608384927994388 
0.4268805443360663 0.028639595618599197 
0.21525916951598587 0.4381926731224933 
0.25083970258118415 0.2503982570007482 
0.6478378333316817 -0.4496543298162256 
0.21700189832866315 0.425366618330537 
0.20321686838533984 0.5303726130257218 
0.04867741243086923 0.7339708825271529 
0.6244191470929346 -0.2106097482795526 
0.8320735587125879 -0.614882242632092 
0.6234247984995714 -0.2050936416432311 
0.6394830885807374 -0.4030776483721339 
0.2335686939803091 0.3147676175500524 
0.03426492612449049 0.7858003945901941 
0.23278998798317146 0.31895447879040717 
0.8345342612643135 -0.6504690154457223 
0.187311615615968 0.6442656460312319 
0.03733984280998426 0.7733784667399912 
0.032244071766079574 0.7954321818595133 
0.41451254607650556 0.17441637836309362 
0.07743364999462019 0.6741824306185027 
0.19452819636415375 0.5937429073594445 
0.6306012445048966 -0.310276166858199 
0.005608298778755572 0.9256346602459933 
0.2234184325027574 0.3787751716940792 
0.41206992952209065 0.21090299054713882 
0.4331055781990959 -0.03069762398371997 
0.4277117341540574 0.01953886085592744 
0.21886623278332873 0.4111466779560911 
