8.828786009565381E-12 1.0015664578365475 
0.8518766794094794 -0.7727526327281095 
0.8518766794094794 -0.7727526327281095 
8.828786009565381E-12 1.0015664578365475 
0.652896326032991 -0.45742210692277024 
0.4537993443500065 -0.12341662584175522 
0.6185244805049555 -0.12520986753507748 
0.8235061043342812 -0.46122468586884896 
0.257334386731238 0.24308756745976987 
0.40938102866527937 0.24231695707541642 
0.1824450366068131 0.6692965513012488 
0.08310437642836871 0.6706812869480085 
0.023858295267364715 0.830915646530465 
0.014909887590642767 0.8724934383713024 
0.4181758566979063 0.12804427296362186 
0.42197713755074046 0.08261617163817397 
0.6283423755195148 -0.2799951586669012 
0.6314201327242819 -0.3206498016280896 
0.02746797913598864 0.8178301515111428 
0.03518550936227874 0.7872937516776414 
0.04660431424242974 0.7395696429970536 
0.21250997312037007 0.46023910625080855 
0.22534106924263358 0.3661560356491746 
0.43801859649198716 -0.06788291161557994 
0.004335618188944526 0.9352204055956281 
0.0015948799155651172 0.9624356745751846 
0.4338140681993006 -0.036549337501176435 
0.060479069212720726 0.6984435189365675 
0.6481182327450232 -0.45127547370469223 
0.19532718064871837 0.6015876754637004 
0.4256279513334161 0.0427942771667574 
0.8452697297922789 -0.7532474559598297 
0.04053816610929845 0.7613658230167334 
0.2085425199996609 0.4927031389281772 
0.24335501821227784 0.26993699854999814 
0.42766404584480044 0.020643148573475364 
0.6198738180915913 -0.14639591516289166 
0.6362406213914925 -0.3746445314354665 
0.20234730692158578 0.5366517928623703 
0.4234390963786591 0.0661671172195494 
0.8332218458555771 -0.6321126856855981 
0.007011469607997867 0.9162790924848104 
0.20583613933881875 0.5098279778614678 
0.051648345308060395 0.7221784962708819 
0.6430623072254379 -0.4229250315624225 
0.826252374724096 -0.5146869909187554 
0.6341421850441716 -0.35131641375644435 
0.4405935144568336 -0.07992290431845231 
0.8311045831922216 -0.5995928894806063 
0.835344188822344 -0.656791220442303 
3.615095510522137E-4 0.9833022124928402 
0.8425874519107103 -0.7314284752566277 
0.0550505685422763 0.7126704548914808 
0.07580556611936112 0.6736231563075067 
0.6217382518345173 -0.16795428972158719 
0.23461820377205697 0.31004837022406273 
0.4104624991437552 0.2281730983103517 
0.8376979038483704 -0.6904281620889127 
0.009794033552709636 0.8999529130077414 
0.6258227085962722 -0.24381851146593428 
0.23945951660015152 0.2852741116642163 
0.8359436293538404 -0.6692053022295691 
0.18949735928535674 0.6269868474227098 
0.012152044507440452 0.8872592189783042 
0.19266599238095264 0.6201423433734953 
0.24851280666861592 0.25421899721169405 
0.42961104881165324 0.0012650871096651687 
0.037616384075649406 0.7732501925259088 
0.8321495622114743 -0.6160349739610226 
0.8388664092340172 -0.7032166886633192 
0.6329317517798343 -0.33771723648338225 
0.8409252009740368 -0.7201657402327315 
0.6386669577688509 -0.3970571385727279 
0.6227452146064716 -0.19640230089893917 
0.6417486039844674 -0.42034597312587446 
0.21525922768738828 0.4382165707336434 
0.2372793920398227 0.2964270770328437 
0.41556094067239024 0.1641200389935255 
0.6242736332928256 -0.2200525143481977 
0.21804628951260913 0.4175479804094779 
0.19715468791726057 0.5745741561122567 
0.22119221117077192 0.3941404807140073 
0.06774468860733845 0.6831572543278277 
0.8288259407518637 -0.5617638771325246 
0.4469434305503338 -0.11209715791596402 
0.43232363256088957 -0.023697403565088697 
0.1990074011131454 0.561263256139338 
0.18573064879598528 0.6509310000959899 
0.41276458773387403 0.1976930723693506 
0.18655844630020169 0.6455572063230164 
0.20116282412034436 0.5482799345620513 
0.4440072878980928 -0.0992048611900259 
0.2280057066653238 0.34882193584419086 
0.21876360472724526 0.4120717074365576 
0.8496222986462785 -0.7705486307937651 
0.8244702690762835 -0.46493649757286465 
0.8248829790294958 -0.48857253292908137 
0.8287057129183919 -0.5449653078994291 
0.2514100990089636 0.24921950538769683 
0.2143516814044779 0.4448708300290071 
