0.8521449208417067 -0.7726685217171408 
1.976548535953526E-9 1.0068348642079274 
0.8234447383326036 -0.45977395741985533 
0.6528227570409695 -0.45732371115350323 
0.6184792652445635 -0.12468663045363469 
0.45428377429413364 -0.12312342391262511 
0.4094168497471001 0.24206336259526523 
0.25663035130947365 0.24376483769316007 
0.0841517101034356 0.6708102479693853 
0.18274128428402744 0.6679429572006129 
0.1988887148021359 0.5628775044576532 
0.1882354153937489 0.6354499221809926 
0.8263856416239241 -0.5167409539842679 
0.2070667005507616 0.5005536682877628 
0.43518598651176715 -0.04688215849585678 
0.8360852547389459 -0.6708079981853026 
0.6306570566397066 -0.29763502053699287 
0.021087287095585966 0.843795601083107 
0.824462653419168 -0.48006916015064843 
0.8285261211266463 -0.5560857514138073 
0.8422841883966175 -0.7317371121097925 
0.41993298287418523 0.10737005289318455 
0.41610029166885726 0.15697175027858673 
0.42272084308314295 0.07505077549121196 
0.41846836550487376 0.1266403767409972 
0.04214728105055343 0.7565407394879112 
0.6217150637838976 -0.17862348533556724 
0.6322622092690501 -0.33022753640430325 
0.013282492562742033 0.8809573402144808 
2.3995777916650113E-4 0.9864972955339816 
0.21239952097305656 0.45983312887817135 
0.0019634531031436364 0.9571255575610985 
0.8333384745423542 -0.6333987747777617 
0.6244443497079891 -0.2207371537317505 
0.053215449391505965 0.7205181652662395 
0.4386850265162052 -0.07182984153038938 
0.6435717273983286 -0.4177742263254585 
0.6201533156106968 -0.1425693948031028 
0.6393240426924756 -0.40168947473663924 
0.6371341845892455 -0.3827597322267299 
0.6225380893758861 -0.19272384714059598 
0.21563859240865607 0.43595757729184864 
0.20341588642380448 0.5347641597111916 
0.06659201102548773 0.6859788912100954 
0.8294701926934502 -0.5726332923895204 
0.8391879988259359 -0.7065791290798706 
0.2275835234680905 0.3510073575816902 
0.431112483377066 -0.012996931807728365 
0.2198123931904044 0.4043159599084401 
0.1864215594223801 0.6471055722102584 
0.23178677490347416 0.3249771392489935 
0.6254564463245016 -0.2379710803477738 
0.8382245456450044 -0.6957155233928725 
0.6268075318363451 -0.2582674388781294 
0.03438908590747862 0.7859172073165669 
0.2037358831467097 0.5260883932890338 
0.2264691851760083 0.3580770961182035 
0.03438908590747862 0.7859172073165669 
0.24312466592599408 0.2708420697055678 
0.005489324776898313 0.9266038426289918 
0.2174019419088368 0.4222549446109479 
0.22356274782704308 0.38425741863459706 
0.42415376477281685 0.05808718585783195 
0.8308769542247784 -0.5959378662402687 
0.05838791866141976 0.7035287678189676 
0.005136037293301976 0.9440531331184784 
0.6349586871130227 -0.3612495179715067 
0.24712864775755716 0.25799968126346906 
0.4288763593246303 0.014814700617369307 
0.009665121958830895 0.9131304160267631 
0.6309683733304449 -0.31467791882517554 
0.04474685053700267 0.7502885642370329 
0.4460881528096108 -0.10938306827844396 
0.4155615060949405 0.17925258792336857 
0.060775963379811226 0.6981142128197735 
0.2364563103201178 0.29986892859382297 
0.42690232713466186 0.03597725287460259 
0.8315957102689414 -0.6065729377324517 
0.2508820260664997 0.24969642623119995 
0.4293158488504574 0.0039375363295877834 
0.8454630984007732 -0.7548547827994005 
0.4542779154840595 -0.12287854630659427 
0.2125041711489836 0.4590743187230286 
0.849853968260611 -0.7671358546455966 
0.4426014652408259 -0.0931284872830985 
0.6456190991245481 -0.4382739445659038 
0.8327832861568203 -0.6253793133402394 
0.41056966749938534 0.2264776880793066 
0.4408793634522725 -0.08513921394906972 
0.18278169432912383 0.6676139736572428 
0.647328656925063 -0.4488511676869703 
0.6268075318363451 -0.2582674388781294 
0.22210700263971606 0.3882198905287572 
0.42616271540519013 0.04314787746133968 
0.23987023342125788 0.28356597839054004 
0.23387207864174886 0.31361909557985884 
0.02841221445585007 0.8111280534365489 
0.07511579935084131 0.6745946606840679 
0.41309289026821866 0.19397457286445716 
0.6350633350181396 -0.36223338215244777 
