0.8525869555858511 -0.7725279670679905 
6.085708563197123E-7 1.0006259106433222 
0.6521727934781733 -0.45729774422202485 
0.6184439705375099 -0.12396906975485837 
0.8233416065415876 -0.4576488576118911 
0.4530419120618374 -0.1231270889625533 
0.25780473813966603 0.2431090006423557 
0.40937602023262065 0.24226489681424787 
0.0821915276530071 0.670837356622319 
0.1824225979356079 0.6697108674200262 
0.0024957290820546586 0.9513491726157562 
0.6456618745885339 -0.44196784463753225 
0.02866259920678499 0.8094391969473517 
0.06811800746522872 0.6825472813281253 
0.20496290926579802 0.5166562814985424 
0.41363590298530567 0.1882441648040207 
0.052575131549589565 0.7193927633957911 
0.20926251025855197 0.48537870386229 
0.0604605513189968 0.6982286655055332 
0.03622346356423567 0.7780516632872612 
0.009074766340644302 0.9068689836181406 
0.4171090173635186 0.14389087683330135 
0.8374505816086949 -0.6876499266946905 
0.4295327382275725 0.0018857682491574357 
0.43288709639197864 -0.028551293789634863 
0.019984011594251783 0.8481592347463772 
0.22661303157130613 0.3573911510791372 
0.20169197252825222 0.5420153353023764 
0.21291306356589287 0.4622320193470369 
0.6404116845054377 -0.40375956163444493 
0.0010708693588909776 0.9858161776988192 
0.4456375864387271 -0.10742862749725789 
0.6309589776980501 -0.31447732228639075 
0.8295473701727374 -0.5729702020499492 
0.22997340581840817 0.3363447693670446 
0.2187152117042279 0.41418814782170277 
0.024573727200590978 0.8276636325580622 
0.4350484632979765 -0.046305901045057676 
0.242724411461552 0.28862770001811794 
0.441306544478658 -0.08794816798809922 
0.2251148614147842 0.38357434702481635 
0.23390134684117406 0.32326462024081837 
0.6379068499214382 -0.3900346432848765 
0.6265381327376208 -0.2545906904910788 
0.6195361374715769 -0.1428011926949334 
0.8416101855008358 -0.7214126361074195 
0.8392978910138327 -0.7073105338533292 
0.8244179168800421 -0.47887409811508097 
0.8432585957941613 -0.7417782131492425 
0.19240659332612475 0.6222012022738561 
0.19756409473109615 0.5922472901663074 
0.19403646013860493 0.597017668381922 
0.8348962205615509 -0.6553801464719609 
0.012786942936907297 0.883341877420741 
0.03934974665013749 0.7658293279253248 
0.25161884568101694 0.2481514528842669 
0.24746333724815966 0.26148583834347133 
0.8272724979726287 -0.5340047595598136 
0.41214303526169405 0.20575607540794844 
0.6230401233881717 -0.20113273191361256 
0.8315548618461597 -0.6066124613765775 
0.24325031919496387 0.27029025083753005 
0.6247978667306238 -0.22814602154929217 
0.41098123059021496 0.22113134403821075 
0.19027418663507417 0.6301531219099001 
0.42760717601200265 0.020925175807012694 
0.43777191801738047 -0.06635940983483901 
0.6214344101960031 -0.17366414195991314 
0.2159098957151004 0.43341557463134756 
0.21481125664923317 0.4415335180749555 
0.046115968419748056 0.7405557762226318 
0.6207531161767917 -0.16333114267876647 
0.8260106595121555 -0.5056020203701536 
0.6279239099434162 -0.2728585566502083 
0.6295084175523223 -0.285071444456935 
0.4233182636752761 0.06783930265751496 
0.4191978088767409 0.11635346248050327 
0.19840560926206993 0.5652357526460728 
0.18584897978014747 0.6525332248763732 
0.1865063823226144 0.6464462869466064 
0.8307537169692831 -0.5939374054239414 
0.45095263188078205 -0.12082495922551365 
0.8271292550905087 -0.5315766031469483 
0.6226784875281887 -0.1951403855909888 
0.8480165053516476 -0.7651589807382194 
0.4223547430528555 0.08120645781863894 
0.8341786104666757 -0.645458536817702 
0.6251284627408148 -0.23372421467631055 
0.021237888877991273 0.8423683326784234 
0.8255544775021688 -0.5001904728547991 
0.4389942827009793 -0.07419473492273018 
0.23741157506607014 0.30555951533032855 
0.42481308903565923 0.05233561368731941 
0.012786942936907297 0.883341877420741 
0.6351705953496176 -0.3632416969754498 
0.6322600652876126 -0.3306162810436689 
0.4214478677352217 0.09463226121047924 
0.2210183161614202 0.39565318064478716 
0.1995411632462019 0.561521237728839 
0.4176329671227093 0.13481895375735678 
