1.9014645841642242E-7 1.0015688669328835 
0.8521865123751584 -0.7724050109389384 
0.8234200837171266 -0.4592123456723265 
0.6519343466989691 -0.457121615842787 
0.45418694423657935 -0.12299738626847115 
0.6184890364949762 -0.1243698897473514 
0.2566826919727695 0.24350006507333063 
0.40946292037783505 0.24207942934555043 
0.08330122806625712 0.6711034279759224 
0.1824071809785539 0.6707187648074855 
0.19692677552798654 0.5776765602985342 
0.6283842713461528 -0.2799447202554778 
0.8267260342915919 -0.52368300737289 
0.4213237198419024 0.09151460755654232 
0.23056401824981232 0.33605192105113213 
0.6256027194094853 -0.24044477590012356 
0.224914810406681 0.369029051473299 
0.4185649416532801 0.12400376521996564 
0.017865765559852753 0.859152674382718 
0.00648442055163756 0.9209962240902945 
0.19254792293653306 0.6204710027580533 
0.2195098109528823 0.407598212604816 
0.6301461954277304 -0.30356251932418665 
0.6396185456805574 -0.40380498698531575 
0.6224592365537733 -0.1884813669001626 
0.6241718940526365 -0.21865847387352802 
0.6324600811791479 -0.3324437762392288 
0.05382017200743375 0.7171548276849741 
0.047598841230003505 0.7357144367830164 
0.43134311135978903 -0.014686015822283904 
0.8370637262404219 -0.6820545461090142 
0.04299138041985284 0.7518944130856787 
0.4119646432205239 0.2086155235678415 
0.42881808288520046 0.009252342684844421 
0.21574386997435657 0.43421240266840233 
0.22255150980357416 0.3868740339881916 
0.0016053046197014864 0.9719537407703568 
0.8290300253907146 -0.5648484960649492 
0.23462834867390964 0.31805160014509876 
0.4138207982298624 0.1882797836865138 
0.011153047012397782 0.8925147658523326 
0.8306343699139045 -0.5918295557203036 
0.8327297376764434 -0.6242901813583933 
0.44540294478373393 -0.10716302698541383 
0.23651716306234488 0.2996335234070574 
0.8418649490702724 -0.7306579688041664 
0.8280748631240382 -0.5479870825844277 
0.6360276692972059 -0.3715958705907543 
0.1998655153444332 0.5560226679029395 
0.004273940229141057 0.9410872892829291 
0.44199355355956843 -0.09128898122933557 
0.82460983687472 -0.4829676558112982 
0.21411475757541948 0.44685292019910966 
0.4358066611377862 -0.05085451234388869 
0.20657843356993505 0.5106247216719236 
0.834410262721533 -0.6482743428338152 
0.18524768483882934 0.6544926627309974 
0.6348523375150956 -0.35173508887418226 
0.18779088451974302 0.6387214758957209 
0.05907625660991858 0.70221628536991 
0.8352822829944204 -0.6599884371241307 
0.6202483411586885 -0.15486871281443534 
0.033193356728869194 0.791770089504008 
0.6208853386309434 -0.1648548391384667 
0.011124067275908436 0.8933151092836098 
0.030735435617686713 0.801274079353713 
0.8316084434921357 -0.6068903514497019 
0.002074477316579386 0.9565940799393022 
0.42876208588260906 0.030632823350660414 
0.03900277320295181 0.7692616327087354 
0.24627409274447112 0.26092689757478343 
0.42377948402524046 0.06303050857897269 
0.0372208417528066 0.7758209245020387 
0.2403685384969729 0.28278367935406945 
0.8391330975965254 -0.705419914547177 
0.6188286183464404 -0.12998754519458405 
0.4383834375701325 -0.06906294092610955 
0.8462428765772476 -0.7590909685033778 
0.0694733939679561 0.6818563874219543 
0.20406483046014626 0.5241632061802606 
0.8396591877284956 -0.710892811797658 
0.4173974320804353 0.15064296040753547 
0.07763726567102963 0.6730011265633391 
0.8441682779989266 -0.7474741750139275 
0.4418331529334566 -0.07078256906992647 
0.20894820951172247 0.48736896795181966 
0.06345847489920364 0.691943034303891 
0.20836021562272564 0.4918639965925363 
0.82460983687472 -0.4829676558112982 
0.19001473182963885 0.6249038990305819 
0.2017266027335855 0.5418690113641692 
0.6425361903536904 -0.42501436911394663 
0.21140245870801677 0.4674327509939508 
0.433919553399011 -0.03686110314295168 
0.24903868450535435 0.2538153952621804 
0.41017516362758233 0.23212320996622854 
0.4151390555061657 0.16684264620797695 
0.641835546478586 -0.420219492134148 
0.6470022064269807 -0.4476679382850092 
0.02305363124931653 0.8349120622426272 
