2.8246530250562315E-8 1.000814960638876 
0.8515544775245956 -0.7728965442823214 
0.8235679429166315 -0.4625509334717025 
0.6523741995342911 -0.4575993915835289 
0.4095134901343836 0.24005342882584071 
0.25693180748788863 0.24309655085068538 
0.45376961079348294 -0.12362371940453998 
0.6185820042788326 -0.12687523580585805 
0.08328220020839222 0.6703042720945508 
0.1822859009349078 0.6700610920257336 
0.840159237360866 -0.716167379570052 
0.411659176466201 0.21195798256375992 
0.8449515571866724 -0.7530492765236312 
0.24784914286147391 0.2560751675964475 
0.24017285572558997 0.2819617978111081 
0.42705160525781305 0.026379064912517045 
0.049965588817939804 0.727325262200174 
0.414458059949804 0.17484943525656824 
0.6235335151293744 -0.2090439607109438 
0.20980729017871544 0.47913419911384264 
0.44931087997707125 -0.1118781768700467 
0.6210813397139795 -0.16902595475150173 
7.539126788231407E-4 0.9778422020244166 
0.002847491724798479 0.9521881224962436 
0.056636736031562385 0.7074743085106475 
0.4188134889780287 0.12027702005264913 
0.4392627955502839 -0.07600206937099209 
0.2337045733663853 0.31363950045981215 
0.20637669380577506 0.5154265119483288 
0.04521608665525255 0.7440726358834515 
0.8263851916113086 -0.5176938872818025 
0.006424546317917945 0.9351210625890216 
0.19060732263214109 0.6196067370593192 
0.4170286872280301 0.14249888007236422 
0.03760209485152237 0.7723074253138236 
0.011913055885515278 0.8877490952270735 
0.03324529014719252 0.7901571771101673 
0.4329873579218412 -0.02025822151949541 
0.2367589924853084 0.2976297051062266 
0.6218531208062699 -0.18196291039136153 
0.22248058552084815 0.3852865996921737 
0.202142688239498 0.5376306192240625 
0.04103766425635924 0.7591815300871275 
0.8247307852754902 -0.4858995350202683 
0.6190763365539378 -0.13292891902015452 
0.8333903819352959 -0.6349212781972143 
0.21555930929985598 0.4454343096440329 
0.4415932569519134 -0.08988919760160863 
0.4244230056787337 0.054761883840038515 
0.4352706989696589 -0.04875346296749881 
0.6318371793544434 -0.3232812801543278 
0.6372084032542479 -0.38397207332517785 
0.1861732073297256 0.6477359530110318 
0.6295394079535386 -0.29657740671616095 
0.07082108353329825 0.6791076220870415 
0.6262279840981844 -0.24584106318525817 
0.4159398032889443 0.16208903395301824 
0.22627767943782917 0.3590127490105053 
0.06291001117682721 0.6928389713795353 
0.8279631361023896 -0.5466346395939563 
0.18749922741622646 0.6399607821626785 
0.024991986512424208 0.8253604725944775 
0.8306366775202404 -0.5923837548409755 
0.4295172069593837 0.0018494829725516533 
0.42263852085555653 0.0749079713765146 
0.8255653953346148 -0.5020616176391729 
0.4207203823597174 0.09744005058836691 
0.0731725351084071 0.6758946123554185 
0.19305577828887527 0.603536193620713 
0.007568593881077081 0.9125342884869028 
0.21179522064423018 0.46387975516429975 
0.8497179298515257 -0.7710322767808504 
0.6464938953764154 -0.44599212258405857 
0.43487359460269215 -0.04546516989312406 
0.8291012377474009 -0.5664605078807909 
0.19448803904942336 0.5936288599530894 
0.8373322152983609 -0.6851686248841545 
0.6356112009336367 -0.3649668438843893 
0.6387672770227051 -0.3978437841833828 
0.644146921837004 -0.4328040813269016 
0.6274879414694378 -0.26823238949546907 
0.20555629628694813 0.520855105541258 
0.19993994641597623 0.5545067947468211 
0.2301397710791649 0.3346414026579332 
0.2176837488889029 0.41924747237073057 
0.1977674028337753 0.5802442854217756 
0.2163107460666563 0.4311964025891806 
0.18321558450982572 0.6700099758558322 
0.2266845582634492 0.3563515904592158 
0.836755973138177 -0.6795800924598362 
0.8351770166607181 -0.6597448682513366 
0.6249683468064317 -0.23128567872625658 
0.8299296571345051 -0.5808520141445564 
0.22983598784740977 0.33638941657952254 
0.030105651072120543 0.8030411492121757 
0.017448342476217404 0.8603756056892234 
0.8349034423189581 -0.6538378801638287 
0.06117972940212382 0.6965212695388916 
0.022002262708192055 0.8431865633680329 
0.6340534188736084 -0.3438173737575123 
