5.9433368715081875E-8 1.001132956517947 
0.851626094846904 -0.7727251539911777 
0.851626094846904 -0.7727251539911777 
0.6517095260916751 -0.45706413132755175 
0.8235427003687839 -0.46167439624968537 
0.4534804384635637 -0.12296858089677326 
0.6185390840130104 -0.12582373660312454 
0.2581571112164883 0.24354492195765953 
0.40947348749513 0.24123679555739636 
0.1826622081360033 0.6682522224926157 
0.0840005859105523 0.6708084098719276 
0.055932522938804685 0.7103031820598557 
0.06704080663952972 0.6855591937528921 
0.41631128367061954 0.15902624298352344 
0.6294518958226953 -0.29502711961460715 
0.8385304812583323 -0.6993508919239478 
0.8420873307107158 -0.7325378644895391 
0.833788613633023 -0.6399921096508399 
0.03698396333613524 0.7751389853263048 
0.044536812892574246 0.7494403410197328 
0.4216056087024289 0.08717640842107183 
0.6274215204615863 -0.26709588393751094 
0.419286175999901 0.11603553751980143 
0.02296595271026053 0.8440302324158625 
0.827810288553587 -0.5434823811421386 
0.2224105230789839 0.3923250628382042 
0.8317445237494854 -0.6100988585811945 
0.4285552826871406 0.012064458546383976 
0.6258623635844711 -0.239270258186954 
0.2182538493841772 0.4201945170238216 
0.23412477159911968 0.3121425595309262 
0.1931811104844678 0.603204892801301 
0.011212581256410139 0.891854126800703 
0.6444416629885159 -0.4364622973314654 
0.03060972781715443 0.8018822369327527 
0.8262237065645777 -0.5144009287906764 
0.6320300839373671 -0.32766137032227594 
0.43133343341933217 -0.009495387403898036 
0.08082163690359155 0.6815183607243922 
0.23055723590647215 0.3363853822993814 
0.015752538836471874 0.8703444339615761 
0.21444279665599875 0.44433389887421304 
0.6373054102797023 -0.37544623028304897 
0.007929610785687227 0.9114683985396057 
0.21125846001808204 0.46926322266765774 
0.6343779955408408 -0.35462525552573604 
0.24668932647498826 0.25960230500360704 
0.8356737818929779 -0.6651068304123897 
0.20958140318021748 0.4811410650390196 
0.8446153914954229 -0.7507604442232906 
0.6207584544807543 -0.16327219459888218 
0.8254148627716038 -0.49808006122887305 
0.026142950497198683 0.8240390406875461 
0.6229301481402634 -0.19714380720107766 
0.44673077110537585 -0.11140053361832995 
0.4348063713507174 -0.04436610142110075 
0.19668961203569998 0.5790619083068606 
0.43293333094610786 -0.028950884944627116 
0.6190548580105402 -0.13405166553315878 
0.4125619859854772 0.20012876051840145 
0.4383535087401247 -0.07015886777439306 
0.44244654828838603 -0.09384858438574166 
6.303920183965799E-4 0.9841636074967959 
0.24118073756640082 0.27836089769670824 
0.8241682772978702 -0.47404918250368133 
0.8372063619197705 -0.6783573051008236 
0.4110741417711727 0.21991072529562955 
0.0021881274075586793 0.9545332782485383 
0.6221734564742635 -0.1726325235733808 
0.4238786221692732 0.06300819244651426 
0.8308355860150727 -0.5923677264398585 
0.8289496299946875 -0.5636313442757716 
0.8478866004129664 -0.7656199349702698 
0.1904206669968378 0.6248602829219686 
0.20658507689021094 0.504704231165056 
0.20029901583506976 0.5518928077879076 
0.426450194211955 0.03384891588816199 
0.18533269990820772 0.6532701946803879 
0.227067110572539 0.35483112324056465 
0.43751881209331134 -0.0622655625619686 
0.8297101685445778 -0.5764487813749185 
0.641299714280021 -0.41669065642961006 
0.21622967823627837 0.43172693147129526 
0.6330689565287656 -0.33775008259967865 
0.1962240889584978 0.5856477852761934 
0.6259510345761992 -0.24370112369269664 
0.014685231640804208 0.8747391873335779 
0.6229301481402634 -0.19714380720107766 
0.187045156011224 0.6431592780866695 
0.0028228255465788804 0.9498773449817524 
0.23733126355108702 0.29884603174271135 
0.22402263792390115 0.3745131853763806 
0.42346828889314525 0.06575256676629722 
0.6401840552483459 -0.3979640107229754 
0.638349321163298 -0.3941134258544018 
0.2505591537202486 0.2515654963580603 
0.20388599162005827 0.5311737092631276 
0.005763819877128373 0.9324190217547823 
0.20169869653897532 0.5416288703727044 
0.047387121138543084 0.7366351016768907 
