0.8519193275468726 -0.7726048876699634 
9.235905064477806E-9 1.0010351707311644 
0.8233962317799737 -0.45864623313090364 
0.6526166988220233 -0.45750326637547983 
0.6185028842611171 -0.12542794658165304 
0.45433609804619096 -0.12331888389745521 
0.25780353471444906 0.24302046257931129 
0.409381094059216 0.24209228257776655 
0.08326854604084646 0.6704273345207212 
0.18252160720831362 0.6688826815337997 
0.05196530344128977 0.720903146432835 
0.04036426258711184 0.7622025310331346 
0.22248861494404343 0.3849677420870088 
0.2155939373013107 0.43632660552319197 
0.6301502849762499 -0.30442529426115517 
0.00240386531268455 0.9523645960952295 
0.6270141412491155 -0.2613764052604469 
0.2360178938881869 0.301484500101595 
0.4267025742986134 0.030275831650413254 
0.8246117120243619 -0.4832219514553747 
0.8412642735160671 -0.7260813600296889 
0.227956858381637 0.348142749794271 
0.41831510496625524 0.1268152982045327 
0.2040952178008874 0.5231815673050901 
0.6221503824782666 -0.18677881957271192 
0.8262340366218702 -0.5126373461850606 
0.4240207157946943 0.059185764645252596 
6.640184870190802E-4 0.9755765407743131 
0.8296304230906814 -0.5756191405821492 
0.42881490439176356 0.00907463144913758 
0.4137297378030518 0.1846821292781587 
0.8272527859618952 -0.53338822887962 
0.8382998834643426 -0.6966953583092627 
0.22387760745132096 0.37564421074341287 
0.06164725005219217 0.6959303819850707 
0.20815965421102278 0.49200165840286675 
0.828562006074725 -0.5570644852058274 
0.0151932252220853 0.8709723404280078 
0.19956888656724087 0.5572529087346918 
0.2412100364983893 0.2775865386739741 
0.05682330214021447 0.7069110086395942 
0.8331690888877347 -0.6312455808697305 
0.8436236235662313 -0.7440724524660706 
0.20217635767544861 0.5376008478946254 
0.0708669666058449 0.6791370604516849 
0.6203575707832251 -0.15714618817667647 
0.4110996217802678 0.21980415246293278 
0.1938724140092692 0.5977486687859035 
0.6250743171267585 -0.23290685131790212 
0.6346195177501027 -0.357451219884849 
0.20892484351160406 0.48601084124020466 
0.8372920848302128 -0.6858468374378344 
0.23408238142064117 0.32503131322256695 
0.24816754585078568 0.2553976856948164 
0.41220152198199606 0.20489771517031397 
0.41585973038491264 0.15721741718359689 
0.017896356893902392 0.8575672746852967 
0.4339279998248118 -0.03725675920683291 
0.023198281660132658 0.8339529266469421 
0.41988729364715766 0.10748915587226637 
0.030079358306333015 0.8035454530641577 
0.2125376096657552 0.45973028318620746 
0.006044156197566625 0.9226720890929585 
0.6395401565397886 -0.40414797546054493 
0.1880890656845854 0.6364185901533251 
0.06833321350771021 0.6827825413455723 
0.23067161446031556 0.33136191580662117 
0.6198930851914162 -0.14802879816655495 
0.4496195964006358 -0.11888890540235754 
0.8353186275912912 -0.658798700291936 
0.44192601870297393 -0.09168843221106607 
0.008918246107051275 0.9113274261256736 
0.0211611339149477 0.8429099933949529 
0.034587798516773016 0.791162962633088 
0.8313774317416933 -0.6042818712998558 
0.6366216547234027 -0.377890798428882 
0.8463635061968194 -0.7596077634255434 
0.6373948134094507 -0.385142295336629 
0.41555415623319075 0.16159122314617758 
0.1902718406689086 0.6218305078231543 
0.1972255348017244 0.5767380821559641 
0.8356661855531451 -0.6608832985351418 
0.44536215070949203 -0.10711108813960725 
0.42263530688527484 0.07580260094069617 
0.8324354902809626 -0.620427944721229 
0.03875692656030244 0.7751630540914002 
0.6236250072001094 -0.21011818643358993 
0.6438281245808655 -0.4326836016124088 
0.24321016533883105 0.27112880710666787 
0.43916454922415127 -0.07488407227533035 
0.011597295742654556 0.8908195559770968 
0.6461832866061825 -0.44415673281417895 
0.02715322625611949 0.8162270722557528 
0.6333767359968656 -0.34317447418636005 
0.43093145605907635 -0.011392653808439212 
0.648251931294052 -0.45124160668668434 
0.18508699974228646 0.6547698068575196 
0.42106470467390206 0.09343515938589214 
0.24632598205148054 0.26008463936398335 
0.011597295742654556 0.8908195559770968 
