0.8514420711263999 -0.7725311233643665 
0.8514420711263999 -0.7725311233643665 
2.135249087611979E-8 1.0024318107264858 
0.8234550125365794 -0.4595385281870463 
0.6524746858894278 -0.4573663328266936 
0.6185216620015989 -0.12474887979724418 
0.4536690259258866 -0.12282739982738285 
0.2579959259709352 0.24365172696573495 
0.40943962742565926 0.24165950565771127 
0.08363932653949589 0.6709921671174611 
0.1823588920419244 0.6702443297195998 
0.43118219121174445 -0.013014952313913582 
0.4392731479164447 -0.07546825109883631 
0.43602849293357854 -0.05375130556514207 
0.24781068824627006 0.2565786729785769 
0.4478974855005235 -0.11375298898554134 
0.8253347606454571 -0.49687593125364876 
0.0442754749853769 0.7478505574392376 
0.6364997238303935 -0.37637615123032747 
0.2055644165312055 0.5117318959421163 
0.034917719432188465 0.7842948814171442 
0.6405966073724776 -0.41186421369552056 
0.009030011327481519 0.917227735955212 
0.22916062942346427 0.34140324283873186 
0.1999762825915897 0.5541849636904271 
0.0037280734378458275 0.9404609454262014 
0.4124146429566686 0.20211674030609325 
0.20258937070957828 0.5354519076244285 
0.01773748829895966 0.8601244290229099 
0.029693904660121895 0.8060029309524664 
0.8399133308337419 -0.7132903435618925 
0.62379319676806 -0.21222186186338432 
0.4185903987133753 0.1240202650283042 
0.18724710181417334 0.6417914199690673 
0.01291453381880181 0.8825538949435457 
0.8318632563365217 -0.6112755493554898 
0.6310265780279992 -0.30248463042797596 
0.21312159543911563 0.4563211376801887 
0.0018351725614531023 0.959722948244464 
0.4275869686966287 0.02519754665755067 
0.1912299876811634 0.6166375170307392 
0.42182112336777616 0.08479190350600706 
0.8427743007784958 -0.7378355728099799 
0.6320466037273574 -0.3276625022740874 
0.20878891339121552 0.48717533170345423 
0.625178808108372 -0.23293923775822098 
0.4149326661225817 0.16946096158190832 
0.4203808742330801 0.1019138623916164 
0.2166192920863087 0.4367496730498897 
0.8304949159028928 -0.5895198939453142 
0.4168111339760721 0.1459311961903707 
0.23803029757384633 0.2922896662621753 
0.2330203081821595 0.3181835327765039 
0.01043492789015471 0.8961039197490395 
0.8286414930229734 -0.5567137795992436 
0.8358821008721338 -0.6680432061201239 
0.2245113205847045 0.3724802338644861 
0.8272326002521004 -0.5327988294911337 
0.06712261364085992 0.6851683695623774 
0.05602206346051822 0.7098613296508491 
0.22613520263242076 0.3614831011650057 
0.833433586357435 -0.6345257000773582 
0.21057912198346493 0.4744024739260466 
0.8265135174560708 -0.5194915973890767 
0.4116470673051895 0.216969188168311 
0.6217333989578304 -0.1551823016077786 
0.18504131835246396 0.6549800419153 
0.8343136450909776 -0.6468015717460492 
0.19682460211395175 0.5783383690100112 
0.6356056466921673 -0.3568295119956166 
0.6427998736392175 -0.4237770237706494 
0.8297931755944481 -0.5700804798584763 
0.6335446011939124 -0.34537507856882543 
0.054220087726166155 0.7261283345982672 
0.2348346445562524 0.308522607752971 
0.846075982875729 -0.7489094005300825 
0.848896604754432 -0.7603569044292589 
0.628057152266898 -0.27565094805514845 
0.22138873686365862 0.39327700098670104 
0.060709436809321726 0.6985464743656926 
0.6497466680858417 -0.4398933463731433 
0.6221211388436364 -0.1855753135059859 
0.6286609664573471 -0.2836476453435063 
0.048912846788800896 0.7316100576332623 
0.034047979876510426 0.7875100709311851 
0.4242353967651197 0.061141059383065535 
0.19293312253341627 0.6047989145950464 
0.6451230786818449 -0.43937121059872725 
0.02573054641332201 0.8235057426194531 
0.6222066120757501 -0.18737736368836785 
0.6200556639506918 -0.14462678354303452 
0.4098417871402348 0.2358997607680736 
0.24142063784244186 0.2773688966318708 
0.8371367101820048 -0.6833983594336742 
0.21949763757281543 0.41527665524131274 
0.24142063784244186 0.2773688966318708 
0.02496499402623964 0.8263527692905654 
0.021637788291238497 0.8427840304796721 
0.2179297570215602 0.420711539938141 
0.4154907060607245 0.162452156147565 
