0.8519476597925879 -0.7726729067636559 
1.4349270181894525E-6 1.0006300792230498 
0.6187243053721558 -0.12887197459859862 
0.8235145092547523 -0.4613923726232103 
0.6518696365245524 -0.4575311997926801 
0.4538054959886786 -0.12321526725846385 
0.40936510644397067 0.2422264623950315 
0.25900545529418506 0.24364206286764578 
0.1828104097538724 0.667659683835956 
0.08163040893195149 0.6709825649237964 
0.19681491255571698 0.5776791645070793 
0.4319998755257907 -0.02073963352499141 
0.42766137335556237 0.020527977974403297 
0.8349406942546035 -0.6560725862707394 
0.19233520598161827 0.6090148328876239 
0.043673339209465034 0.750897707560584 
0.4430096910263883 -0.0968632027117829 
0.6269542220498412 -0.2605041817649435 
0.05902011105456382 0.7024441641515771 
0.00959636845896189 0.9031742536140366 
0.6202673474265119 -0.15388569906346544 
0.8265741478257815 -0.5167543609084915 
0.005171762249121026 0.9324566897988579 
7.287382382585375E-4 0.9752608417318865 
0.43525444020358695 -0.04815845834457616 
0.048863656160866076 0.7329460238810303 
0.643245699034623 -0.4283815595664634 
0.038794529762437996 0.7780169347822 
0.18933304905040826 0.6289013055535415 
0.639661967034463 -0.40447642509761006 
0.8402190509286077 -0.7165944521150974 
0.411946362337098 0.2096905076724405 
0.6332814807618077 -0.34275253204211076 
0.20312661024030731 0.5305741669563162 
0.8383318685058962 -0.6954780449532448 
0.6248426002101228 -0.22947268995625295 
0.2142291873663843 0.4461055656532938 
0.1858243729256157 0.6505901036248732 
0.002873600440481603 0.9483222428029743 
0.05428821423079527 0.7152247798942202 
0.630351612858468 -0.3067793610457827 
0.8300251226268197 -0.581883412488652 
0.6468048814697209 -0.4465270169686624 
0.6379251633809309 -0.38446772644441535 
0.41422345841866687 0.1887663841889718 
0.4525178402130449 -0.12263793711022641 
0.2365126963590749 0.29965510276719926 
0.43784141860560266 -0.06685770874652432 
0.6287576467163503 -0.2857116428822624 
0.21072750022438858 0.47416180223258403 
0.8311708719099474 -0.6007281458745486 
0.017464385849965625 0.8610523121618476 
0.22931665802539547 0.33964437098145406 
0.6220792237556211 -0.18237291120463872 
0.4259918498260391 0.03801403930167952 
0.06928466532135892 0.682237329403884 
0.2174549879134236 0.4218174077449871 
0.21925746691790543 0.414614006858833 
0.844328308683254 -0.7475579919040944 
0.20737282952760827 0.49858310242263526 
0.243403301521122 0.26981473277972895 
0.8325268457724382 -0.6216815045311752 
0.420207029024194 0.10927577021475844 
0.6238603253318745 -0.2137383664350328 
0.2063366903334286 0.5066877742871556 
0.44039811394489714 -0.08282182720981345 
0.22190040922090082 0.389131022620674 
0.8514360853236352 -0.7715663966895259 
0.8438453966829138 -0.7456928842109073 
0.8335621363512287 -0.6370267156116739 
0.020572993489257396 0.846114860204216 
0.2264221831733593 0.35876073519319035 
0.6355265354302778 -0.36650707114444664 
0.03119325386170263 0.7990825269838387 
0.20312661024030731 0.5305741669563162 
0.024902472593551134 0.8371190495197456 
0.42204358497356514 0.08750138148836198 
0.2321373750657984 0.32332390272582284 
0.21198480693594998 0.46290735683561796 
0.828782032055377 -0.5562885988405945 
0.6225711484477787 -0.1931957189322003 
0.012873127490284186 0.8860732573936208 
0.8282056983433702 -0.5504899962587205 
0.8250870499843591 -0.49159872848108477 
0.014030784883593328 0.8773662923530848 
0.07718345014975755 0.6727328552001836 
0.42246184585624424 0.07716432968355134 
0.4170483379236469 0.14506315106170906 
0.8237324364550583 -0.4652821483486252 
0.25607865457584 0.24378823501446312 
0.41008805928225966 0.23457111900650263 
0.24053549004099534 0.2811168834599674 
0.22477545763593043 0.3695529004569136 
0.027723858069317542 0.8137506185727037 
0.4156918908440853 0.16371891007154343 
0.6344670400578059 -0.35235174820131104 
0.8253154633292928 -0.49675336321925345 
0.2485935613702332 0.25459409137159084 
0.41562331340182135 0.17087286863195694 
0.2383492523084378 0.2906961410731836 
