0.8520177842700232 -0.7728118699921578 
2.9286617958967936E-7 1.0007109367917129 
0.6184671209392868 -0.12474767460095514 
0.8234317674511392 -0.45968062192265224 
0.6527812847252722 -0.457329642198864 
0.45350747291161214 -0.12316025712743864 
0.4093355223908045 0.2427954528204593 
0.2586137830382508 0.24311947942266293 
0.1827449035221214 0.6678907822828776 
0.08356724260628841 0.6707305297892403 
0.19664901326937845 0.5845386763644138 
0.00353064172149041 0.9412847414545656 
0.6268871066619957 -0.2569878673568709 
0.6228846799004469 -0.19893976104697786 
0.206102772739659 0.5075072779298663 
0.18941196400861876 0.6279234282526268 
0.22728109898369525 0.35256077708555134 
0.018252742751857287 0.8561563107111696 
0.8259696391303921 -0.5094509885844606 
0.43410459483767955 -0.03905347295198192 
0.24255429276657686 0.272887514972891 
0.43062121025879896 -0.008615784415416376 
0.4373608175689283 -0.0627288209427322 
0.6304624320327257 -0.3087324125750492 
0.21295419730956577 0.45555387457800584 
1.91386677690919E-4 1.000112412285409 
0.6284726716848946 -0.2786148265972374 
0.02657624071643186 0.8187189491109949 
0.23740261904122256 0.29453669252782394 
0.03884822716618153 0.7677290292182465 
0.44101148186100275 -0.08648867892198131 
0.8275397173602318 -0.5389742299867035 
0.22440797374328422 0.37198042665908637 
0.8244565833621517 -0.47613205011536197 
0.41805376340423445 0.1389549842548788 
0.2494056374342886 0.25212364742669324 
0.04662882298502424 0.7389710786428734 
0.2017107860847271 0.541045807763589 
0.233106772390896 0.317730094719577 
0.4111379735500027 0.21914878931247628 
0.8314647345539283 -0.6051763792220556 
0.6203674443029361 -0.15731264652818439 
0.6324785776060107 -0.3306234998860169 
0.8339484926003695 -0.642761820661015 
0.8413544845842245 -0.7271334769989998 
0.637468759943305 -0.38615293846262183 
0.8333837086970108 -0.6341811998982703 
0.4135874240491718 0.18703252200360276 
0.644447706628788 -0.43656273501880766 
0.07163135388725053 0.6779008469989657 
0.22109530321238827 0.3951950716408304 
0.030807377211791415 0.8000060136447108 
0.8287472832447592 -0.5602411910354993 
0.06747898340438596 0.6838023212573886 
0.41935230741429486 0.11359701864985042 
0.21695395452591443 0.425046799624291 
0.007121657635049294 0.9166351705362357 
0.21578952455340644 0.4343879467378171 
0.21984756939673464 0.4037598620364009 
0.8366112041319922 -0.673525489085009 
0.20066563318749198 0.5495033445778287 
0.03401046344002123 0.7888865381531559 
0.42485846082161605 0.050021972070257735 
0.45045900223685365 -0.120646911404617 
0.1837519211469631 0.6632349273157392 
0.21022990899755534 0.4825511445105845 
0.6398755117000947 -0.40709864400148216 
0.849658851855191 -0.7674368612229455 
0.05671576596118194 0.7076699621217609 
0.6215354947239142 -0.17685142003411888 
0.830438608770879 -0.5888921708293757 
0.20974049658324762 0.48361015363838633 
0.015923395415927744 0.8675099021901643 
0.18711510546601748 0.642096585553201 
0.8297823896842611 -0.5749516574224599 
0.8449633118778004 -0.7478244114647831 
0.08124541034499863 0.6709410427716079 
0.42329096715097786 0.06736461037463709 
0.038373517512428124 0.7789703109700201 
0.013521830341312657 0.8796254475695306 
0.011582320569870797 0.8896798937215579 
0.4156412916657438 0.1603843029612013 
0.054442766863417376 0.7170478119745617 
0.6398755117000947 -0.40709864400148216 
0.42079493024895065 0.09666083833815448 
0.845330341536824 -0.7509836442527659 
0.050627791104230796 0.7256193515639727 
0.009316408924045422 0.9018744759156003 
0.6363321392095095 -0.36737364259574085 
0.44503136298148693 -0.10577898388103617 
0.2566121337172388 0.247744335983082 
0.44501633573557275 -0.10367521046593964 
0.02817326083533611 0.8179278127422585 
0.41017666554054766 0.23153550393795055 
0.41383528842752604 0.18319210005420544 
0.41536110598873593 0.1640733569680572 
0.062070619097990776 0.6984948319459344 
0.42600334384284944 0.03793289790290577 
0.42834802204863165 0.013777033922629507 
0.8378407031700847 -0.6920973762363375 
