2.669938151345086E-6 0.9998468745071859 
0.8508818439937136 -0.772281997501045 
0.8234020493313835 -0.45872852431647937 
0.6185737822198026 -0.12592977465287328 
0.6531935342784521 -0.45712895789136876 
0.2568364757017762 0.24324498896078395 
0.4535796794888507 -0.12340269897431261 
0.40945955084830515 0.24151135072873375 
0.18305703804758466 0.6661428700893459 
0.08165967748745773 0.6710785380773633 
0.06819762441106797 0.6828982324630916 
0.23484590996716886 0.30838365027339065 
0.43167204916667756 -0.018256748092672914 
0.05570140753784186 0.7106777101420997 
0.22371291596544324 0.37673064531159406 
0.4275475484592865 0.02157224064161573 
0.41619078086863787 0.1539071540473067 
0.18862167959919385 0.633118562696249 
0.2175797495718144 0.42101737354648244 
0.012501104838372856 0.8848538879782304 
0.6289034052904267 -0.28725117114093013 
0.6275061848544725 -0.26826926415343666 
0.21441090523389839 0.4509614907587548 
0.6317134135207518 -0.3240119932732274 
0.19667092351672605 0.580073725272337 
0.22563029669025503 0.3644076693364826 
0.025210186667774526 0.8249885417688864 
0.8259011457684121 -0.5081371919049067 
0.8428763070831647 -0.739193391002614 
0.8243943566659393 -0.4787614460401309 
0.6362201647908093 -0.36805072778684156 
0.4187634844147753 0.12190656993996611 
0.63300573847492 -0.3393884375074867 
0.6372735536809775 -0.3843365992981804 
0.005556550869293464 0.9267877268847097 
0.6222633935235009 -0.18786043913275569 
0.41992633101470866 0.10803244778156583 
0.8454808345379572 -0.7525174374155947 
0.8270552455967387 -0.5297379953719054 
0.8357311190978034 -0.6587795610385185 
0.04194328909473899 0.7561720952327898 
0.24710758417245166 0.2583651182166889 
0.8292960857819834 -0.5698187188982314 
0.6232097865083268 -0.20301768107905807 
0.837039372019597 -0.6825094313552499 
0.01882796306253487 0.8542114323950507 
0.8399408375140442 -0.708426797193997 
0.6250090304527078 -0.2310954099642881 
0.41379053219475015 0.18439497244890724 
0.05137762418906214 0.7238050172126822 
0.0379423231995511 0.7713332445160491 
0.0029469941118041576 0.9475292476303 
0.03769384195662183 0.7910370620374662 
0.44604311843072175 -0.1088365222196128 
0.833956155902265 -0.6403354341070823 
0.6204289016312817 -0.15786926923650244 
0.19281182951067297 0.6056087714678887 
5.846066042132225E-4 0.9813283322917573 
0.20600735879843207 0.5090913333972261 
0.41192543821154404 0.20888307503773115 
0.07936152585912891 0.6718418179477292 
0.2364115160609142 0.30082929514807044 
0.422326473270577 0.07870725660548536 
0.0016089057549349556 0.9617503927375132 
0.19944285022358804 0.5590085168445428 
0.20960907897599845 0.4817246409006107 
0.41051571112397595 0.22780051226947517 
0.20960907897599845 0.4817246409006107 
0.028065226578250946 0.812542011548605 
0.8312825067781412 -0.5972808749624449 
0.6484761298807443 -0.45218144023906454 
0.191831427934967 0.6119876133338968 
0.43459997427171826 -0.04284427655663696 
0.6199610343751911 -0.14998679514410118 
0.2405227971356892 0.2811259722800934 
0.008562854672869658 0.9072369748441853 
0.20064197260887517 0.5496868965073748 
0.4418529685367048 -0.09080720030161489 
0.43799950651140107 -0.06741371113890558 
0.6248132485094776 -0.228394734830359 
0.43550235210963634 -0.046486148484610336 
0.22563029669025503 0.3644076693364826 
0.4387143795192847 -0.07229791056277636 
0.6404592587221857 -0.411317612424939 
0.6425135118671366 -0.42543520188819234 
0.0096273033503708 0.9006367766611896 
0.828292531274522 -0.552055591421108 
0.2447053818127097 0.26533994820677087 
0.04617754149896114 0.7409925663598315 
0.0190764443054903 0.8528570974045369 
0.41314728875368006 0.19277417968177216 
0.04729713259870494 0.7378676609416096 
0.4430705946790886 -0.09675838448232763 
0.4516779833720783 -0.12167926625213635 
0.6425135118671366 -0.42543520188819234 
0.8326073185816634 -0.6224964903682626 
0.42564026287107914 0.04217363433808519 
0.2165344525133498 0.43361965571250305 
0.24347597298840876 0.2806033499334138 
0.20525286381931288 0.5223614157401518 
