1.4439567656084236E-6 0.9997805883724503 
0.8513074552559622 -0.7725536405807008 
0.8233663497555495 -0.45826743580547546 
0.4532165849945215 -0.12318623755349031 
0.6185928823414273 -0.12683711557990024 
0.6518066518542524 -0.45726152333113324 
0.25761837363581797 0.24316744222626394 
0.40937051249210266 0.2424639673782959 
0.18263841216917076 0.6684080070254993 
0.08159291688197766 0.6707087162101633 
0.19201894172066136 0.6109828204657655 
0.4247457417201366 0.05164540558846486 
0.21643185264173775 0.4292841559265412 
0.20198284734879587 0.5394386810174886 
0.1876760041626594 0.6479215404342408 
0.8439710310647687 -0.7352665222147609 
0.8390242589301944 -0.694498818827472 
0.4329490579301492 -0.02926188499625885 
0.02368661945077219 0.8314924671727103 
0.6358121976731725 -0.3698109928296966 
0.4219643413709314 0.08271230108576089 
0.8269941161665988 -0.5289058770967785 
0.07111970929281257 0.6787091945176443 
0.6390653059380234 -0.40016719314167726 
0.03417792378545409 0.7867191573760808 
0.6441970191991809 -0.43522698321070236 
0.23300218930192973 0.3184915887714345 
0.19652432250569202 0.5790426625319256 
0.19758895367605114 0.5712861270514576 
0.8286259546649672 -0.5581689410222026 
0.03888056015724095 0.7673168771239163 
0.006789929055342647 0.9173655995273107 
0.0010112891321715873 0.9710091996930672 
0.8449518543822625 -0.7527030887994276 
0.4286792805977857 0.010909445918140291 
0.25220185256568795 0.2527631255949996 
0.6269291727959928 -0.25941043657003593 
0.22978156198157282 0.33731683146477404 
0.4365361110125151 -0.055612914140804326 
0.0578161154446315 0.7053358824725638 
0.4462723500239176 -0.11010998724190256 
0.8245680841373759 -0.4817151169450932 
0.21195261061986145 0.46296706383197905 
0.6339194828147572 -0.3495987803510628 
0.6410039170262912 -0.414776418647866 
0.6254909588231171 -0.23886182224759087 
0.0551804221345672 0.7254852810803424 
0.2226225609726561 0.38486470837334397 
0.002650458745959469 0.9496487952573323 
0.832449902372605 -0.6205956520550391 
0.4190101954922849 0.11844573482511103 
0.048987888296431914 0.7314664590139577 
0.42094740408093945 0.1049712822839518 
0.6305133575257036 -0.3091118385928333 
0.2088093571503555 0.487480155816006 
0.8312918691387072 -0.602523131386199 
0.41730914488698156 0.13936734282774813 
0.004237784365023825 0.935176828466252 
0.24473069550770296 0.2654083395775372 
0.22074694037259632 0.40115118792632204 
0.4394802066177539 -0.07691086188366505 
0.6284390403342004 -0.28143298553523377 
0.22558521986361427 0.36436423325522704 
0.20577766999021008 0.5103005386079614 
0.6486342283580369 -0.45243750681276995 
0.42818543132673703 0.014949105359530007 
0.6202591101064983 -0.15499465548304583 
0.41157413990855296 0.2132812356370325 
0.22707073357145802 0.3544053440502685 
0.8370966582458976 -0.6829759522904889 
0.030215331545197815 0.8042013902167398 
0.04477047987376248 0.7457473924471374 
0.4434553640348954 -0.09659008523268611 
0.6217804313820543 -0.1805182728924465 
0.624270782678039 -0.22015126309015 
0.04261931636428326 0.7535954572492038 
0.43442102711068886 -0.04005308857147436 
0.41011768551614974 0.23244584074684663 
0.012276306215671384 0.8928279024299168 
0.8506070578729006 -0.771330944481369 
0.2368995914660657 0.3001148067628506 
0.01938682088420285 0.8509542268837432 
0.0640882094701049 0.6907731004710385 
0.6295503511296716 -0.29380389385703937 
0.240822407285016 0.2795538398298857 
0.6198011496183945 -0.1474790928856192 
0.826199510548469 -0.5058492437440991 
0.030215331545197815 0.8042013902167398 
5.865607798151429E-5 0.9946170721747372 
0.8356851103640067 -0.659510149909429 
0.010375717675614182 0.8975806699377709 
0.6221060041914761 -0.1854686926152363 
0.016557655939125733 0.8711076816151971 
0.8295916048518618 -0.5743188180857377 
0.23749219406118371 0.2947626145263741 
0.020391439265448563 0.8462529042882405 
0.2107324026371172 0.4721866206512688 
0.4421721480601667 -0.0841187095019671 
0.41459189576070143 0.17442355592422942 
0.20652054749707663 0.5049815732978508 
