0.8520174471241182 -0.7728200102409549 
2.241161683265243E-9 1.0010359099274466 
0.8234753513300974 -0.4606820039385383 
0.6526898721258255 -0.45791882033910336 
0.618444372021565 -0.12458316976712273 
0.4530740517205365 -0.12347764330065991 
0.2569723628166512 0.24293092595093213 
0.40957348792781045 0.23941999093804306 
0.18233379988328047 0.669757600310216 
0.08412311731304292 0.670310473403628 
0.8394785729628114 -0.7093280594191735 
0.41290029915329757 0.1953390841883625 
0.018655333081115166 0.85427880665526 
0.20233399959186626 0.5359071808487321 
0.6460389509422034 -0.44424598525765674 
0.8268972202869846 -0.5270566786042785 
0.050070388201380545 0.7268390879134818 
0.19792753815989567 0.5688606713040408 
0.6197514662713259 -0.14708290118331507 
0.8335889100979832 -0.6377581326439431 
0.8294725868539091 -0.5729189932792592 
0.6217092563536534 -0.17943502283935045 
0.6264460782219514 -0.24725332962151608 
0.8248858881786486 -0.48879271595166446 
0.007874593023126736 0.9259730871606932 
0.23370579516812495 0.31360503478542395 
0.056638832648929605 0.7073511174251188 
0.4406919504906926 -0.08502889971439033 
0.4477961950507262 -0.10377092804090612 
0.24069320666918675 0.28865813159624243 
0.624201176739739 -0.21900577968187426 
0.4217712468200272 0.08475116417209991 
0.19174061892585623 0.6124152924587144 
0.8352272938258988 -0.6601655343245821 
0.029273864798498667 0.8065756351176948 
0.20735851403736755 0.49855649741136226 
0.4114688532807417 0.23639126109465577 
0.010247954353173244 0.8964713752574872 
0.18835210272123534 0.6339793208028106 
0.6416166883985206 -0.4156327189085465 
0.6277419414234279 -0.27168515946858274 
0.18671995287594628 0.6515858006577442 
0.20538597528291896 0.518966664192702 
0.22189485806617337 0.38884580538610664 
0.4324681938055552 -0.025150828960183183 
0.8315060769307248 -0.6063739141365498 
0.25085044303174037 0.24916301171816835 
0.2195805191840624 0.4055504670096039 
0.0013029795684174617 0.9745823357243295 
0.4194856233739878 0.111814784769322 
0.8416668597613282 -0.7297162540889448 
0.24483659470200606 0.26481051800687794 
0.6229814400961589 -0.20048652024075717 
0.013676447272587156 0.8784978670649549 
0.634154589404199 -0.35290543877946007 
0.8262268401201422 -0.5147231300105738 
0.845227088422905 -0.7428950743316463 
0.22474861376595473 0.36890686757529517 
0.43111350024948447 -0.013367761258506548 
0.42474872035121336 0.05114352765888315 
0.4233923567189437 0.06638024314430256 
0.4378781365878813 -0.067417490095329 
0.21096621588579784 0.4702973874966666 
0.23233902337929463 0.3291118409706805 
0.07580240529553886 0.6732538300146192 
0.003315104626648746 0.9429769450590958 
0.07019024218262976 0.6797038185448133 
0.4185163046229805 0.12391779780073353 
0.43565436660776335 -0.05112126847111416 
0.8465187887709573 -0.7604681163719659 
0.06227387890883879 0.694748778290385 
0.023876207624318163 0.8303315222461835 
0.21002149956146715 0.4774758770502301 
0.19448915920516058 0.5936633371235918 
0.023658298530701737 0.8311790773804244 
0.41692375796909137 0.14373747499063294 
0.044556871308451484 0.7460060849407093 
0.22884806990134465 0.34227483784422763 
0.6393916873162439 -0.4030691466110875 
0.6315351583367541 -0.3038618319249573 
0.4293816007725496 0.009033242104565143 
0.6367902041143104 -0.3800498728158519 
0.24327955343817315 0.27863579806867433 
0.41615687517673444 0.15373574052536523 
0.1965290886346912 0.5873129979719863 
0.6335493561716009 -0.34325393220871026 
0.06493475877572535 0.6880579742537476 
0.8352272938258988 -0.6601655343245821 
0.4502384843533443 -0.12066031882554094 
0.2141171647169472 0.4464665409630389 
0.03764171316232959 0.7781647738983636 
3.3923454790182883E-4 0.9831235238687294 
0.636814896851892 -0.38030688826610237 
0.03371467511608445 0.7877656088591509 
0.42647748258061424 0.032780105973069365 
0.032042789913455744 0.7949317661698132 
0.4147393959636333 0.17216066083481774 
0.2141171647169472 0.4464665409630389 
0.04383426268647228 0.7483987869959304 
0.003540276077245594 0.9411920697344024 
