4.7420424198474365E-8 1.0012764139206114 
0.8518812712551636 -0.7726805922736972 
0.6523059089351211 -0.4574818284269972 
0.8234335930020472 -0.4594117792869273 
0.6184615704886018 -0.12443820825392081 
0.4543371887896581 -0.1232712621027234 
0.25760388207969087 0.24323936862800316 
0.40936131986114455 0.24251629271056796 
0.18255032668615598 0.6690711753499176 
0.08246138308455753 0.6709422672460722 
0.8272211673955032 -0.5329128043007716 
0.8313254096370173 -0.6032621992132106 
0.6421425621006757 -0.42272616898336784 
0.20456221642209357 0.5199779102287261 
0.037152051402626535 0.7743985202146478 
0.03067897493069069 0.8011101545934025 
0.41188748077844217 0.2093471011012363 
0.04297567883428843 0.7519597096741227 
0.22936027646570065 0.3394221075648207 
0.6204384009823029 -0.15516457162861377 
0.25057056506861575 0.2499831132657959 
0.24255529030073053 0.27275887296744455 
0.23425573375713507 0.31095840213351095 
0.19399761586997114 0.5974944230661355 
0.01393921627140321 0.8779906778425611 
0.42909232185204405 0.013390863776912797 
0.8374429824475378 -0.6872426499005243 
0.6480659282888495 -0.4442189817657967 
0.6263641131146463 -0.2515317219967056 
0.41684937925266163 0.14471621184873207 
0.19986542882093306 0.5550545883158406 
0.6373072884538384 -0.38426208901817993 
0.20794597135291187 0.4959512814314233 
0.42587020190859365 0.03926771452107622 
0.21807409459178878 0.4185241749261809 
0.8361485018402333 -0.6718981703694658 
0.8250289054756215 -0.49072542926354046 
8.273457513156557E-4 0.9725088030915875 
0.048031319080033 0.7339814387383461 
0.44622442923841527 -0.1100167396843994 
0.6249416376133528 -0.22509209139878156 
0.6278364328853223 -0.2729218934697793 
0.1877928084855611 0.6394319741076573 
0.19018283232177324 0.6302704564402059 
0.43961050450703887 -0.07850300241784987 
0.0199914319866489 0.8479461477835774 
0.22064320857170075 0.3982267027740231 
0.4419120246828737 -0.09154285510965249 
0.21330709150453048 0.4527300840868094 
0.2166496861022391 0.44058803280257464 
0.22281949756017105 0.38236687973169364 
0.05600450486228381 0.7102005447200588 
0.8408794224631095 -0.7190271728089845 
0.4340554797077217 -0.02940904848400097 
0.0020487737175185483 0.9561175125027891 
0.4141632237870854 0.17954976511891138 
0.41460113696175394 0.17381472249128732 
0.052009186049986444 0.7214465799009839 
0.622379367816205 -0.18971009910094067 
0.6238724962629846 -0.20793382547679032 
0.0039951399242331015 0.9377939041850135 
0.4103808432424095 0.23516496369109444 
0.8440006730941954 -0.746336876290254 
0.8340981046031286 -0.6440498440909967 
0.027143381921431956 0.8178650098378063 
0.4237575983542587 0.06436690846965694 
0.42031651772357315 0.10229906273980319 
0.011694899986741392 0.8894958782205055 
0.6315579310824411 -0.3219388033826313 
0.6191305895663178 -0.13557493919332708 
0.07971578967617673 0.6726548451998638 
0.8235616578878137 -0.46010664636747606 
0.06214057240332188 0.6944791646457499 
0.848247685928933 -0.7665529477613298 
0.8410346103120054 -0.7229731894268877 
0.43626269886781854 -0.05613462828764591 
0.22680187376800534 0.35783903281674395 
0.2110088797964711 0.47407017869627877 
0.22545550931424208 0.36447212354613157 
0.4182596089990515 0.12804596817310585 
0.1989970644988336 0.5614700485675486 
0.06977384605701664 0.6807236165189062 
0.6348196737495957 -0.35815658756346397 
0.4514724527390379 -0.12046801782563517 
0.4192643629858087 0.11722765162428145 
0.6293705569599761 -0.29382327749035614 
0.42433868075340997 0.05564212802218362 
0.8325490981243407 -0.621901068500859 
0.8449980630971723 -0.7530886572203761 
0.43063066839525715 -0.008384802708967326 
0.07018483012449941 0.6800461971003361 
0.061054971572212804 0.6967763480454923 
0.2098727975846273 0.47874992021882806 
0.23996480440443568 0.28849389430145245 
0.009029551728479024 0.9043367771185586 
0.19697063371812584 0.5811011986992026 
0.23749773970801213 0.2962293088237148 
0.43626269886781854 -0.05613462828764591 
0.6302634504676062 -0.3058658392962242 
0.63276132724436 -0.33647571842193097 
