0.8515275005835985 -0.7725661921555811 
5.110409994449642E-7 1.0005805706770052 
0.6531817304535662 -0.4572887787580328 
0.6185273252965943 -0.12570337697046693 
0.8235049912942666 -0.46088667782230985 
0.4540616776940952 -0.12332526001828115 
0.2583903282222302 0.24305763110198764 
0.40940488497216243 0.24263153091362039 
0.08252623531008994 0.6709561728425357 
0.18248643319976426 0.669652975871947 
0.04415524243059055 0.7481126820433291 
0.0573825560242123 0.7140687193469017 
0.6258079774066028 -0.2430649291182754 
0.8449744639037757 -0.7401192753076811 
0.6218813112005365 -0.18196730700290648 
0.6193607349056719 -0.13987441466793907 
0.832089174159777 -0.6036175822983486 
0.024344793889814045 0.8301794977518215 
0.4137822113410254 0.1861122628725454 
0.8300840855370698 -0.5828258751096894 
0.015530005437677633 0.8693030973165602 
0.4124393461816065 0.20412601052375481 
0.8282734802058761 -0.5519802029220164 
0.6289464879022785 -0.28654692391507935 
0.1975606445316313 0.5712358877631339 
0.07285354140401412 0.6832750188845133 
0.20846619207485217 0.4936513781171776 
0.040130774191168395 0.7678030476379532 
0.1927268289320068 0.6155894485265816 
0.4477468731283992 -0.10075080552696869 
0.416292946698183 0.151999855236033 
0.6242517289326102 -0.21976704489547785 
0.20551382631295298 0.5128604952732692 
0.2109662848249012 0.47104704082026005 
0.21457267352647624 0.4433961736878718 
0.8411360604956384 -0.7250201863731296 
0.24123805533537485 0.2785516068365654 
0.00958202015891746 0.9022197482730377 
0.24474754181104247 0.26505556904045624 
0.22112252946867533 0.39462260232871454 
0.4242263362081975 0.057880064401398215 
0.20150222976411014 0.5441434159723939 
0.23099627280626567 0.3300549903359591 
0.4369909597271867 -0.06083151227299562 
0.4302273758203698 -0.004553561998780426 
0.4098501041561958 0.23618349180231285 
0.18700649347411016 0.6436855164685037 
0.4171875012365819 0.1426632260657381 
0.646038654811548 -0.4438186320501943 
0.23387602545410302 0.3129942337009783 
0.06074943321011872 0.6983844476230182 
0.033552831545926615 0.7892256434694385 
0.06699743754223952 0.6924730147418773 
0.41987812011392267 0.1083355603740456 
0.18871909506709464 0.6329351216583873 
0.4192470294094305 0.11516969123956335 
0.4400249320268117 -0.08108386169591061 
0.2182510459816917 0.41569172664470333 
0.425703516065851 0.04107980600891365 
0.018841880781474363 0.8536096439969945 
0.83364692265316 -0.6384442599911735 
0.42730089761564777 0.025415680297933025 
0.8258817255035352 -0.5035698931269925 
0.22879629223340653 0.34836202478903316 
0.22652831778363242 0.35797599519813095 
0.8342227722583742 -0.6466936307215458 
0.4328233021264035 -0.027665300755051688 
0.630288787584875 -0.30246904846176365 
0.6337160128753798 -0.335238477688486 
0.42878492300024773 0.008871099145773777 
0.001336734649719576 0.9663358771442557 
0.640283780053366 -0.40078064671031555 
0.44164526854496394 -0.0902939530809683 
0.4510710578940255 -0.12122647799284471 
0.18321104117025358 0.6655077517350014 
0.21311614927558167 0.4541526923686393 
0.03526638603342726 0.7821299095664186 
0.43501315621244135 -0.04643465079251632 
0.6349415302753595 -0.3603940940389559 
0.005948451958405487 0.9232663259351328 
0.6370401976410063 -0.38245068336173826 
0.19449056832553815 0.5939897780941771 
0.8385382438586951 -0.6979559662452975 
0.83891766400689 -0.7036861559567641 
0.02873528800347369 0.8093031862436062 
0.2505977774725155 0.2495980494669643 
0.4221188320773108 0.08112783852652257 
0.23775714293503306 0.29928678166112754 
0.836065175501761 -0.6706942597046162 
0.028426729139413465 0.8106400982719021 
0.8373789182889385 -0.6741629090190665 
0.003242092062421653 0.946666810490024 
0.0035281363027300228 0.9415921891497181 
0.20302616835185608 0.531650183884439 
0.6411326081440331 -0.41634379361172874 
0.824595862009075 -0.48261212166703205 
0.4221188320773108 0.08112783852652257 
0.6343012574558613 -0.3543617164247569 
0.2186262987439771 0.4128374411531534 
0.8264554097000454 -0.5171715856752426 
