0.8516989113978625 -0.7727609547728107 
3.1876026630839674E-10 1.0011717146824721 
0.8233962602482704 -0.45895034275615976 
0.6527940609992163 -0.4576631666848485 
0.6184337516130387 -0.12390803813942425 
0.45447699771571837 -0.12357857728051623 
0.4093377468485848 0.2425722226461607 
0.25710503309381805 0.24272053794086512 
0.1824708111936208 0.6693545007348198 
0.08226152220126039 0.6705779114072198 
0.6270187626049464 -0.24954526641900152 
0.8423856312839946 -0.7355192123709434 
0.21997955493446142 0.40305290727663046 
0.21576307163903635 0.4343669463330664 
0.44370716791608034 -0.10025760723976114 
0.8323396599676706 -0.6134447259043279 
0.8302121008605534 -0.5850671912114804 
0.24211865104661034 0.2747961021252607 
0.4291137723535742 0.006826212264427999 
0.20418022141101683 0.5224995369461962 
0.6318657631189156 -0.32602465390396085 
0.427040544984717 0.02971105267260199 
0.6416341422122 -0.41998835892268593 
0.6235429757428552 -0.209167408330064 
0.8458213996108825 -0.7576035308260775 
0.24583222559378204 0.2630930048119707 
0.20789228962056527 0.4939509298121621 
0.19881924809749718 0.5627978166713166 
0.8277544016994849 -0.5426712277052967 
0.8339301093410271 -0.6425911232926396 
0.007231868158031677 0.9166116902302281 
0.6367307908682456 -0.36393722896350933 
0.013295206854433111 0.880564740273885 
0.20164286675849583 0.5416593909563712 
0.8259697158088966 -0.5099159136382443 
0.6287946509354833 -0.2865536344006537 
0.05324083181041844 0.7176021348879698 
0.8385938498042314 -0.6972351254997936 
0.001308859556911221 0.9775249881884004 
0.004195084032284746 0.9357884783020385 
0.22332574470448932 0.3794038078662121 
0.6337015807964713 -0.34553754540971415 
0.0022050961006065406 0.9543935697873027 
0.23574838509093443 0.30316173018944886 
0.8286490163488289 -0.5582235199643606 
0.41492185580752927 0.17947147491477147 
0.18635269713239727 0.6515698866475738 
0.6296676593007391 -0.2941565344880788 
0.44814101116705607 -0.11617137974938993 
0.21273557619470862 0.4565733523501988 
0.41923212137237387 0.11528104094864793 
0.4160958722558175 0.1542187063554332 
0.025543728777470895 0.8238751437568976 
0.05992013738609571 0.6993457114455952 
0.6453051463543221 -0.4410531618430167 
0.03900556573613467 0.7668742787678249 
0.25420626098994586 0.2445683075670323 
0.4383667359376523 -0.07084392260377413 
0.07115969130700783 0.6820541392975741 
0.19586921294435414 0.5838470769343763 
0.8244218279342215 -0.4792556456992668 
0.42435986094145145 0.055736902819154895 
0.02988744032441437 0.8042319987427762 
0.18982660418750777 0.6246691637133878 
0.6197225936213431 -0.14278567742709536 
0.020205895106736052 0.8470922250222078 
0.6387227040525432 -0.3973123287398997 
0.01868373545205343 0.8581846836146004 
0.6378226517280771 -0.38864431501936125 
0.1929571310669031 0.6039355703767278 
0.6224118021264784 -0.19093947651682525 
0.42181939344578734 0.08449249487871045 
0.4212370428690188 0.09590673683789228 
0.4130096170441835 0.19527546993898784 
0.43209513609480915 -0.02071021803503781 
0.4349906351897078 -0.046116771590234584 
0.6210965713863181 -0.16947356893570012 
0.1882795585992794 0.6352268315909214 
0.22926365033548052 0.34260053662853324 
0.4235304593696903 0.06441290752506822 
0.8253072356794389 -0.49707523234036355 
0.03388517627987142 0.7886593082355534 
0.035075739406885034 0.7824871366402869 
0.6481532556669869 -0.4514493657901579 
0.43214656441036914 -0.022295170644950946 
0.04506788935866263 0.7442028582032043 
0.06305973079592525 0.6928275756324939 
0.010379949718009207 0.895960633597969 
0.6205518921624689 -0.16026624723861066 
0.027128509116321642 0.8161690449092482 
0.4102594833990196 0.230013965449817 
0.22529717352294887 0.366079086312408 
0.4160887508365937 0.15434782607641864 
0.2313543716770801 0.327141563413903 
0.8514247623531921 -0.7727599475079935 
0.050059798037337844 0.7288769685759396 
0.21098629163061428 0.4701531719785385 
7.743759254343341E-4 1.0011338171650082 
0.19405312855231885 0.5962327778874893 
0.43556473439758797 -0.05051349955063693 
