0.5147205225027333
0.5148466456656497
0.5146457590400906
0.514723715437525
0.514708825362138
0.5146816681337831
0.514769820768866
0.5146580275278744
0.5146461452764113
0.5147441458593135
0.5148094675875219
0.5146996299632769
0.5150117731927488
0.5150005445714944
0.5146903961176437
0.5146696682759974
0.5146111173973581
0.5148137716569097
0.5145788637864502
0.5146326497485456
0.5149744395008291
0.514907680838928
0.5148461754094401
0.5145607679848232
0.5145241866797952
0.5148060428179284
0.514720941246232
0.5146017329113689
0.5144765310182338
0.5150218191577899
