0.7694777764075869
0.7543863126666269
0.7698886597098314
0.76316732122881
0.7423034516884865
0.7575478311482784
0.7486623722427725
0.7463294152323261
0.7513503050557041
0.7534590834366426
0.7473877538978627
0.7332166570522882
0.7329212451719372
0.7433984195312285
0.7365558156478398
0.7463024779419881
0.7289002441941654
0.7564347531956107
0.7458283811287088
0.7482458364034194
0.7469028174121061
0.7490157365854017
0.7333230908064865
0.7541066186993356
0.7568662633614489
0.7528175140844818
0.7444320484768864
0.7588771899839039
0.7734556976964819
0.7412043939170413
