0.20609930056924722 0.5092808998953792 
0.6372253185595753 -0.3828701476406043 
0.4124506360733222 0.20429253686295876 
0.24694345327558037 0.2596600609544284 
0.08278247338835448 0.672353228410811 
0.6392744131283591 -0.40077562299319136 
0.8404801215557546 -0.718195063331001 
0.19764320721196543 0.5725542758736558 
0.2032711497018095 0.5300622921314437 
0.41759734654296354 0.13784232794118262 
0.20829051461804907 0.4923691834368759 
0.6198327045488436 -0.14347998576837886 
0.1905177090137162 0.6217474758761341 
0.6264493202176927 -0.251978114637952 
0.8235387831264005 -0.4604114059850954 
0.020135990976238166 0.8482607125989738 
0.001252005517242083 0.9686158589015462 
0.4206260172668411 0.09943520912268114 
0.43950404077270844 -0.07575073429409282 
0.42805037963233333 0.018597940414943195 
0.04204315523831365 0.7573009826699505 
0.6524589322221377 -0.45650562104375103 
0.016140093585630344 0.8675946976360371 
0.43003121439148606 -0.0014191567964440288 
0.6303355661748637 -0.30518829351432775 
0.41416067623165126 0.17996598413830334 
0.8472659581458475 -0.7623302189686085 
0.18302460548053334 0.6673563785615715 
0.4221865495410503 0.08177587309496251 
0.02757069756083605 0.8154486878710913 
0.05604084721446037 0.7110345914562457 
0.8256005379015023 -0.49749322345222274 
0.8362112112695484 -0.6715290162975961 
0.44286353817358914 -0.094545459070876 
0.1931611731359099 0.6045456544970025 
0.20043636702720952 0.5521109959441394 
0.6425741816048589 -0.41854054065273993 
0.8276692895656129 -0.5400671690147858 
0.00290614342119673 0.9488008765334942 
0.6359626573284509 -0.36994363356975946 
0.43666651066798645 -0.05757397822297358 
0.24191722796394272 0.27625541830103567 
0.6277489475330453 -0.27074367377935243 
0.432568781159851 -0.024938681173246803 
0.4111832051708882 0.22009208910801895 
0.21048080502342692 0.47579726150232415 
0.25744983552246165 0.24431674765470945 
0.22012438666232925 0.4037030220088628 
0.22777322327668623 0.3504049589068916 
0.8298773748867084 -0.579274581246083 
0.4248751989874965 0.05167113630201864 
0.42343377382285236 0.06713067630682654 
0.18669905621462207 0.6461814188075377 
0.21751264214229638 0.4221480025592651 
0.037535703724740466 0.7756704520382337 
0.6314799863954825 -0.32059688614038884 
0.6229085850882642 -0.19769213572144326 
0.44662688509215875 -0.1101266579382577 
0.8426096120545719 -0.736558424981646 
0.8266838499513172 -0.5222894091612794 
0.23351079540669017 0.31627907891408863 
0.03159353153746634 0.798495211688172 
0.6245157080153954 -0.21810392501325784 
0.6289527875200527 -0.2874216291914528 
0.22235342993234292 0.38774743239568304 
0.4537509495118761 -0.12231764811495408 
0.22480607987234022 0.37012044518920434 
0.6341318993057687 -0.3511841665631223 
0.4159771987078791 0.1567913050502151 
0.005434402139750993 0.9283322986275119 
0.6206945485903 -0.15987317551053612 
0.40982106582415356 0.23759279408423414 
0.2125681180417392 0.45956950274235964 
0.42662042634721814 0.03281590786367472 
0.838081769858238 -0.6941830822354526 
0.024244932400556918 0.8303957118964728 
0.19533084061775213 0.5886109735802467 
3.701043531897791E-4 0.9845144551394757 
0.8247516241762226 -0.4822308533910494 
0.012807940397547776 0.8853951772066482 
0.8325789538597318 -0.6221167752768508 
0.8349677065691178 -0.655596399799304 
0.6451540831020224 -0.4388049562187444 
0.0492464335307492 0.7319678613152145 
0.43414894627665557 -0.03701448034664234 
0.6186414000748545 -0.12586490494276684 
0.852435667210622 -0.7718676814428628 
0.41886793444041315 0.120592047982763 
0.8312459782387978 -0.6012190171476262 
0.23720867299722465 0.29777214413242586 
0.21558713104813754 0.43649905323034344 
0.8337701747783528 -0.6388717958309456 
2.0530164505233595E-7 1.0026545811970433 
0.6215486886452533 -0.17484385959930127 
0.009433441328650705 0.9046744797379941 
0.06738953003494513 0.6860317623355634 
0.6251838313603291 -0.23293162365374784 
0.23139086006254236 0.32858787108992976 
0.6327149131018 -0.3350445315571926 
0.8287732030027181 -0.560189967406631 
