0.8340100133152673 -0.6380025520515646 
0.8434689393298289 -0.7417091902707306 
0.23742446080813034 0.29731164622971357 
0.6338883515393607 -0.3339910149964926 
0.43952802029356125 -0.0764448967006069 
0.8279669587497707 -0.5447384840243781 
0.030112066818294314 0.8063230258780203 
0.24708889011325624 0.26077344339589614 
0.2144312811164959 0.44721364777319667 
0.2177527408651032 0.4218291321233901 
0.04318755316583875 0.7547797199572421 
0.6378563434826255 -0.38858925587405185 
0.2085654091558819 0.49143704588981596 
0.05205042313041443 0.724894405410882 
0.4373666991871676 -0.06102977581197218 
0.23086919636303244 0.33238610696651943 
0.2414785709767284 0.2800430455419735 
0.2115573757164441 0.4684427727886793 
0.6195304405624509 -0.14149189953110494 
0.8264590194830432 -0.5163539899750489 
0.23341605234121854 0.31832374740039465 
0.6227409028758385 -0.19466306334160668 
0.4139127593091516 0.18515665676310678 
0.1832575071793489 0.6667099224699418 
0.43459696300283424 -0.04005113491130606 
0.41782003473350826 0.13504446953792118 
0.03939249596806382 0.7699118022540674 
0.6304933919494192 -0.3070740413843744 
0.8354080627320271 -0.6611145591436431 
0.41893604799216144 0.12135021693532376 
0.42561043932779424 0.04424492724734582 
0.00440150131143674 0.9375484491819887 
0.19644537728940992 0.5822523041372321 
0.4426463885023198 -0.08824078106816714 
0.41522451101560626 0.16909122858623266 
0.021019437564847067 0.8470462808842614 
0.41202445765854484 0.2099498621839812 
0.8310066065729595 -0.5958406060741479 
0.4167396696876513 0.14919689584013351 
0.6344956591232752 -0.35457908125403326 
0.8369774942097322 -0.680182432656824 
0.07036575183331562 0.6825794027011379 
0.41299845883909814 0.19736936228626545 
0.6416839414822579 -0.4174789684188108 
0.18728142267678718 0.6454850383331813 
0.2214107383906085 0.3964980018257307 
0.6246438443205997 -0.22469920862405784 
0.4105523944486061 0.2298073964456713 
0.2583474757998335 0.24610547421032777 
0.1989854754806019 0.5646927060348562 
0.8415077355952503 -0.7262335302345222 
0.8460166399143323 -0.7564968826550738 
0.6215240223252708 -0.17501803002395988 
0.013740996902609992 0.8905877773898346 
0.6361765850415824 -0.3722463275515974 
0.025367804488004353 0.8268784368359036 
0.45299448090653377 -0.12110785224983743 
0.8297464475216235 -0.5753151598339707 
0.8273888016360312 -0.5347087979726004 
0.8244413394417812 -0.47759836966388364 
0.42986036190178867 0.001356039666572148 
0.8286128107187258 -0.5556669590269229 
0.04754012544323316 0.7384908238626532 
0.00795355087370032 0.9132222342646606 
2.758911020368793E-7 1.0036180371823922 
0.6279972051949322 -0.2731085238494024 
0.4235453076898641 0.06734393622971964 
0.03464382518007192 0.7871223000568727 
0.2019179165110836 0.5425425942257177 
0.0874843738805472 0.6747134596220907 
0.19381520257997945 0.6011831566534093 
0.19087233256723293 0.6256678952231107 
0.8522550547615072 -0.7708533070237383 
0.6204136679610963 -0.15658596334454933 
0.6446813468087712 -0.434985136813755 
0.6293732981049954 -0.2917571016814928 
0.05999635718922149 0.701928117702964 
7.456143460538994E-4 0.978740746255742 
0.2065483133407193 0.5078860980929492 
0.4319614543121665 -0.018348793206486913 
0.6398559857708601 -0.40441618715219485 
0.42057821353693947 0.10195854062146452 
0.6186049778396698 -0.12514810775717047 
0.6526942006693951 -0.45515646357286704 
0.42727324841638115 0.027111224532651402 
0.8322688485311581 -0.6158134556893557 
0.22361854601064318 0.37952307007654623 
0.83984864198183 -0.7110857619502138 
0.8233626546339788 -0.4557669565788175 
0.01666484015332137 0.8672400829681036 
0.22549968277625212 0.3663714879032996 
0.0022641333694503607 0.9578770530963014 
0.22841762093896478 0.34826109097399177 
0.20427139125155064 0.5249830569422895 
0.8381596918022559 -0.6941255700264862 
0.6254399072719059 -0.23727077950994988 
0.4218957384818832 0.0859201513429591 
0.825418213289772 -0.49742746807118304 
0.4450822427506017 -0.10332162923327669 
0.623753691850421 -0.2076168198075844 
