0.4189280115529226 0.12073889541886726 
0.4261828819305111 0.037289748404206874 
0.4233485626311554 0.06854532650725553 
0.00853677262126154 0.9088193616136969 
0.6418978083165054 -0.4202686672734996 
0.21825504077285435 0.4164406975209422 
0.8248443447553493 -0.4866654657554818 
0.6256997558746437 -0.24048694796715497 
0.2566429967308984 0.2444173575722643 
0.043304859492738684 0.7525217426733789 
0.44237559247209257 -0.08967848495466196 
0.029339991938723175 0.808886914983195 
0.8240516069665897 -0.47057960076059874 
0.19010332321080747 0.6251605145182356 
0.2116789948696009 0.4669532313255636 
0.20626554231714736 0.5082023464237923 
0.03242997025207811 0.7954571015253598 
0.414821416689501 0.17275766493994058 
0.4299799437273888 1.1653932548418288E-4 
0.6334480281487769 -0.34207966759627795 
0.4323767127730983 -0.022923131997480417 
0.22367669461422154 0.37822028809706315 
0.4399211795399378 -0.07810587671555416 
0.22678406903819373 0.35919672020964805 
0.43498935280916273 -0.04417073841500023 
0.022574961113918462 0.8380608947551288 
0.6185660988575026 -0.12442729011793352 
0.23834680293905947 0.2919496186805123 
0.4202913316004756 0.10445083318699352 
0.620239508285436 -0.15375356150593356 
0.004865747800869333 0.9323600547415454 
0.8472381249422478 -0.7621167264627892 
0.6394630430375701 -0.40191630656647553 
0.6378408437958427 -0.3857726377674347 
0.24641045785447835 0.26179291824352213 
0.194988323477715 0.5913819785995503 
0.6265471822850414 -0.2531881951640146 
0.6212766016555534 -0.1708175656216926 
0.24160863184306233 0.277862084665324 
0.45335129321839607 -0.12208036133416664 
0.06595329056039373 0.6996855442337426 
0.6352902583221588 -0.36373759017068497 
0.20230998059748087 0.5413689886798109 
0.6444721180002795 -0.43406909234965946 
0.01900085569857901 0.8563447084740796 
0.41303587659326824 0.19554024330836914 
0.8514228243595436 -0.7715604143396619 
0.4377602520983052 -0.06582875780611183 
0.8348414127480425 -0.6536982129550463 
0.23191585443977675 0.3275242411191607 
0.8302765228125175 -0.5851688094721024 
0.1926709421935348 0.6087999416627194 
0.1873467678731724 0.642637908347159 
0.4444899028435805 -0.10068870854512584 
0.8292409666115327 -0.5677995277779362 
0.21583824516847316 0.435198151949358 
0.01814208216212465 0.870750177874302 
0.6224787534225603 -0.19018890941614655 
0.04964728007657826 0.7313995154752523 
0.8361963439969724 -0.6715516420427313 
0.6280219699759544 -0.27470101602404806 
0.8389836637915362 -0.7023569476480671 
0.19777742679638644 0.5740755000353246 
0.8443338333303425 -0.748075396943658 
0.42805640328691635 0.018524971668098092 
0.6250161139609334 -0.22726559599650803 
0.4245889583811968 0.054531434868985006 
0.0010978457891792914 0.9724889435630585 
0.2345376829127941 0.3113818913846443 
0.8272364498760367 -0.5319428172440018 
0.2088588368646858 0.48930525151456866 
0.03652238627329951 0.7784901240680183 
0.01161191904150792 0.892058609591489 
0.19988534335660538 0.5575481634566369 
0.182449130797259 0.6705972943321165 
0.05518610634209682 0.7138834262104957 
0.069381794396963 0.6831632801603247 
0.6307310631661667 -0.31037316413071064 
0.41835327728612615 0.13689722474312746 
0.2290594329859099 0.34250862600992205 
0.42182546628837947 0.08582301317577527 
0.41118121568026483 0.22108004920553564 
0.8260391154920123 -0.5097867231330402 
0.4164943986525458 0.1520951468473153 
0.8377596376696639 -0.6891209687773494 
0.2045995343462261 0.5213174293953063 
0.003638437434906966 0.945134123513399 
0.8417103214934443 -0.7265749546066642 
3.2592989588844804E-9 1.0030048155935865 
0.6530821504687249 -0.45584076963893155 
0.02562941337860341 0.8248077238104762 
0.8318569615541608 -0.6101207564218948 
0.6294406832654578 -0.2891732034954366 
0.8334943600546721 -0.6342927640007163 
0.22092127516236007 0.3981655968978351 
0.6236895952321921 -0.21009834313322115 
0.2140290796032147 0.44927638807668735 
0.4094327207628167 0.24362759152907956 
0.08064711399768718 0.6725248353153204 
0.6319474605187945 -0.3255704889018412 
