0.22338791396361435 0.38051127007334895 
0.6359027804200313 -0.36997326507400924 
0.4096091220533877 0.24268244350998408 
0.23475079178136024 0.31002887460403833 
0.8409559914742366 -0.7223103565901491 
0.8286163429089503 -0.5572407353737698 
0.23908357271853078 0.2903900711295888 
0.41302106722519294 0.19792314168459696 
0.41477764795836414 0.17295023682962146 
0.43448524787625886 -0.04063352631211796 
0.20296367198142554 0.5331748655690747 
0.22809911600199143 0.3486284222103033 
0.21597383592574543 0.4359378262647467 
0.03858141796119503 0.7721002363471143 
0.019499693686824096 0.8527094919826734 
0.6333349553586278 -0.34067018855624837 
0.19777192887092715 0.5722257727047481 
0.016823651744676288 0.8652932869574518 
0.6276917769203526 -0.27033613584635646 
0.013509146041789988 0.8811899702865271 
0.8513523838670252 -0.7715399068096569 
0.2139237583372722 0.4505795748362328 
0.6212188477570781 -0.17012145824373104 
0.013198048505570492 0.8967138369215912 
0.4367987307690077 -0.057751462249610044 
0.21140707089678706 0.4707912456840501 
2.881651222345627E-4 0.9863140466921659 
0.06251463663922108 0.6971064460475279 
0.44616630080058967 -0.10835389583446552 
0.25859503593410926 0.2443542964977537 
0.8345024509193595 -0.6494804562318849 
0.4326830015675412 -0.025742128004659512 
0.8370347086522155 -0.6777477321901583 
0.6252784291637332 -0.2347546745107307 
0.18246238292509806 0.6706800132967128 
0.8253474773025885 -0.496378024011872 
0.2009162404394293 0.5479723400777502 
0.6305944297459656 -0.3073405845775125 
0.41770570674887364 0.13623200328942658 
0.4529874667699637 -0.12238718030594599 
0.19197727659284242 0.6128118101106828 
0.6450728318578747 -0.4387053933156599 
0.8380278989883092 -0.69283813653076 
0.6265214950774171 -0.25347837403939044 
0.4113225735460552 0.21803778711629915 
0.6185716568447509 -0.1247599426145541 
0.08073539291059745 0.6719322558703817 
0.8454991190865093 -0.754625539358908 
0.6427550002303796 -0.42518159448826376 
0.8440466306769072 -0.7394643217575014 
0.6522802777424844 -0.4567917612250914 
0.22605939103536116 0.3624113541362878 
0.005505639618384572 0.9284330879600855 
0.4313033029081891 -0.012140789017731326 
0.2315236486911259 0.32752852595447096 
0.4227769757107026 0.07528775539883605 
0.05682263338192087 0.7091377992188637 
0.41618749755692164 0.15425268517045962 
0.22037894618996973 0.40270136963114833 
0.6344803363456373 -0.3555204898162123 
0.8303388544557322 -0.5746309440445503 
0.0691279470797313 0.6820613039404769 
0.2085692784191378 0.4977200078118367 
0.8320575273679058 -0.6124219425633027 
0.6292646270860781 -0.2918639180631036 
0.19547651109660272 0.5880711015858374 
2.3533720569100976E-6 1.0037925323677177 
0.6241974671061018 -0.2182564018241408 
0.631780965703643 -0.32422471558187593 
0.6232423574788666 -0.20271749343492837 
0.003451417156903752 0.9436666413796048 
0.03129127997175522 0.802620111586331 
0.637494568959745 -0.3844105413993362 
0.8331308953425555 -0.6294156216145512 
0.4243409351557374 0.058087632374055606 
0.6396020762152801 -0.40341696212718026 
0.42090823101243996 0.09648319370680457 
0.18953596707851794 0.629188648716713 
0.8356829277882083 -0.6646989023080955 
0.6220975231389435 -0.18443863122899246 
0.8395448858413341 -0.7085073318101657 
0.02738902612726929 0.8163005198978726 
0.4392444560239688 -0.07514582207157311 
0.8306907616264148 -0.591532790465836 
0.052632754746901544 0.7228291453268829 
0.8234963646526519 -0.4593413550359105 
0.4191705009065765 0.11766649527804957 
0.4293626943919843 0.00486245464332526 
0.21755059944775254 0.4226354205797143 
0.6200825569011365 -0.15080859377930791 
0.04421363032053976 0.7495419427873623 
0.4276006448902244 0.022322970271237527 
0.18666984168195452 0.6477557466981354 
0.42579914614525843 0.041766884206882814 
0.00759475333221632 0.914636972859752 
0.0012479135633968593 0.9686981782771894 
0.24288334846823867 0.27281457859894215 
0.20510101752664056 0.5169322423758542 
0.8269216139187555 -0.5263183897680622 
0.4422293842199665 -0.09076932052506996 
