0.015035624663800595 0.87331773367131 
0.6359922411897807 -0.3706872375370758 
0.8380784070709137 -0.6932687916941425 
0.44737557204607165 -0.11077410966134607 
0.4162156681830423 0.15360803817269508 
0.4105804702729936 0.2274822288351155 
0.6185123552132806 -0.12449641314203556 
0.8293284823438535 -0.56927743342281 
0.8259422871554667 -0.4985475683857757 
0.2159495370944555 0.434487746478514 
0.8402360926031882 -0.7163185513395294 
0.8305811550639237 -0.590223476077872 
0.18837873254099183 0.6358042759753404 
0.22967590619780132 0.34103029078221825 
0.4428834470382266 -0.09569875470289718 
0.1854288488353689 0.6539171741041665 
0.0325804862253575 0.7943760997927098 
0.20105662164109267 0.5480776934211348 
0.834707420925232 -0.6521943375790045 
0.007098896021429935 0.9167816334707406 
0.2577726078305898 0.2445018326500636 
0.41905013241079414 0.1183088908114808 
0.8234838804422724 -0.4595389557592545 
0.6224610772301215 -0.19045533596929137 
0.41770667299525255 0.13570996249774023 
0.6396697557043773 -0.4042875029007833 
0.22660939103559916 0.35795615856186674 
0.6265938145818495 -0.25441721094712505 
2.113421804716743E-6 1.001293749011347 
0.4148120877135018 0.1720837506314158 
0.24833175766101284 0.2568650027152824 
0.6250664475835845 -0.23212701858963444 
0.18282527045805672 0.6688799673075051 
0.2422013467582282 0.2750628089210611 
0.40947712714508777 0.24181013760470202 
0.8262477744670488 -0.514694428722701 
0.04721624361275968 0.7384983460299415 
0.19849641931776923 0.5663901037178231 
0.22176008886810478 0.3914002565364716 
0.22480360549822556 0.3731991633418079 
0.011270370682321867 0.8938840241210628 
0.08519137331010475 0.6717165615516802 
0.042027450858674084 0.7557506983179054 
0.21049680760286446 0.47521203503829723 
0.0011909333855533721 0.9686591201586585 
0.6325953492837357 -0.334252245456306 
0.4353592306051568 -0.047509270116214086 
0.1901346042858866 0.6240208238428945 
0.20597091926693592 0.5145507715484179 
0.4332097119862077 -0.03081769275595211 
0.21298686914579648 0.4568187749264057 
0.43985679673245764 -0.07914106902370584 
0.0023455397954531554 0.9543789508277738 
0.8455631577308802 -0.7553647167049049 
0.20800692112782812 0.49479042593098993 
0.8323441201524491 -0.6183787351241031 
0.42407139616845113 0.05985535929575184 
0.6238565476237121 -0.21309284178616544 
0.8362362346952928 -0.6721899626185099 
0.02826784751989922 0.8127890443118894 
0.42221308683338427 0.08118841976636208 
0.6212908681306651 -0.1713634633698912 
0.8344978257855261 -0.6354649492311037 
0.6346167467472752 -0.35392435398373534 
0.037160768207445447 0.7766235393798404 
0.01967765828653792 0.8512017123794559 
0.827390494360351 -0.5353473040771682 
0.8314847836474855 -0.604440891735908 
0.06771941156488573 0.6843369101558974 
0.6436694617465014 -0.43113557530459845 
0.02306854772126075 0.8360828902023514 
0.629406396711516 -0.292740884224885 
0.23226237415544254 0.32340881013420214 
0.1952270617584199 0.590025424510063 
0.43083808633005827 -0.00886393988939304 
0.4263247025262893 0.03854829093748621 
0.4377072699872263 -0.06464717079099203 
0.19261465560053398 0.6075080566687953 
0.42887377761978396 0.009299577649067421 
0.413052235791978 0.19553490500159584 
0.05315523416749712 0.7201327302558324 
0.6307828069478625 -0.3118311018793196 
0.427656624564259 0.026294282291777337 
0.20359844878172204 0.5284513065787314 
0.6415699603270988 -0.4169689706366521 
0.2192491544822297 0.4096966387244343 
0.6381093051697091 -0.38984065768623105 
0.6520550032345352 -0.4565768215576286 
0.06020513722604959 0.6996815608300317 
0.6198835079914176 -0.14789943900368546 
0.8425490160152921 -0.7354428856172576 
0.4207297039696584 0.09923826648161585 
0.004754145569988135 0.9331182471567018 
0.23785799281805978 0.294214415752038 
0.8516053023432826 -0.7715519680325722 
0.8244453826755459 -0.4788590791843515 
0.45453056565689304 -0.12163537505067064 
0.8285123640106041 -0.5553965553579192 
0.41155573599430195 0.21467466851956696 
0.6277240914066178 -0.2703811255556552 
