0.8402988051762346 -0.7163701448175613 
0.03139551148215878 0.8006694527466566 
0.18773391186087907 0.6473947184036695 
0.25678276396410105 0.24500141753507515 
0.4527806455670774 -0.121670673345259 
0.8316152205463642 -0.6066276097867265 
0.41493804336469925 0.17027700689806688 
0.182398822526957 0.6707398257972299 
0.8338159327439617 -0.6390389217552099 
0.025938790673284612 0.8236848294468697 
0.2086300017218618 0.4961319993434348 
0.22190461872628997 0.3918936775673911 
0.6255258403082828 -0.23813489660337056 
0.23211079002953766 0.3241695616466921 
0.6194864886964448 -0.14080306667469175 
0.6246317085475468 -0.22343792040020424 
0.6331511507996006 -0.3341686689990353 
0.8236858672090358 -0.46303822188086113 
0.02244037590056397 0.8391212250989815 
0.42357787368240085 0.06514394870095461 
6.008499478463054E-4 0.9793165651456665 
0.6453989672577534 -0.4398729372418656 
0.03600267793570866 0.7808781984485271 
0.40996517955723605 0.2367090656523332 
0.21963409787735896 0.4073376824601273 
0.4272753548114269 0.025774764289136325 
0.23584173450229762 0.3042519864908403 
0.4420261972054207 -0.08983035391451959 
0.18875009363913425 0.633107340193855 
0.013539896218492858 0.8834755852946118 
0.8282988556448645 -0.5508018838245514 
0.8347640152980814 -0.6524368961658187 
0.8259087288149222 -0.5070680551546962 
0.6348397503144917 -0.3588584066754722 
0.2483526910341186 0.256498855830321 
0.8296307184555951 -0.5741725695829549 
0.015951418432031406 0.8694824216308114 
0.41366259552579454 0.18792063706946102 
0.4387878716331367 -0.07223296007976364 
0.24327289135592778 0.2727783204109067 
0.22831235177055745 0.3475057525183947 
0.8276532119062725 -0.5361218039947822 
0.06946013385520193 0.6866843219897809 
0.4176939274611711 0.1360527053403599 
0.4317453318784853 -0.01711444096512087 
0.0191082331705211 0.8544095557986591 
0.2248785739500891 0.36995141559643774 
0.6391057579030386 -0.3990969101536491 
0.21012772479089273 0.47870926237020506 
0.6267823349153423 -0.25710873903869735 
0.2131966121794372 0.45533486092500075 
0.04795579232525015 0.741058348277578 
0.6186813863786452 -0.1260587081594414 
8.994830666323014E-7 1.0032331895231672 
0.42942457343294504 0.004428888714103891 
0.21701197612480694 0.4267398159726187 
0.007878624811288492 0.914110156571367 
0.42550954206480596 0.044256808531597316 
0.8510940493518235 -0.7713644520678041 
0.010739525603262745 0.8968238176274514 
0.20337095316593812 0.5344776379677969 
0.4163592009028999 0.15233305833757815 
0.6282016229344634 -0.27743095210067786 
0.6309653979718883 -0.31430313968359275 
0.42098542587516563 0.09597671249294552 
0.8385398170398812 -0.698189223979659 
0.6424823353107737 -0.4235468461834565 
0.4220839791999686 0.08273195246477577 
0.20522412634707074 0.516138564894802 
0.4361996730259225 -0.05404689190690997 
0.21490333989577837 0.4425511634057081 
0.830563914542662 -0.5896459663364906 
0.8420561829876976 -0.7316814791721843 
0.6518410303935589 -0.4557169528774465 
0.004266360941492103 0.9370511150191916 
0.44565677556647837 -0.10674157019393629 
0.05397207606869103 0.7174252328433085 
0.002047480802061019 0.960154804909009 
0.20067552056234786 0.5518233009410008 
0.6296830115505627 -0.2970310939359329 
0.6206733908116484 -0.15992684368490379 
0.19534075757416455 0.5896141413223247 
0.8371322568173235 -0.6827432742205323 
0.19260450493363845 0.6123595081174572 
0.43387557612128336 -0.03378409861531711 
0.060506971631202 0.7001590866510601 
0.8447795747953619 -0.7504821651252113 
0.19793344597862012 0.5738527014473722 
0.41246915946142665 0.20470268014064677 
0.6234030128620385 -0.2027742182622651 
0.6371735383771004 -0.3801545230444528 
0.4193388402331227 0.11749033616257255 
0.08054044871716348 0.6723624199364774 
0.04071996287266377 0.7624697408287916 
0.8360745627181073 -0.6691106967781936 
0.6224370736250062 -0.1893884612016114 
0.6215189881150522 -0.17486362669431074 
0.2397285628021569 0.28632657970411196 
0.8248364208215705 -0.4855196120160066 
0.4111865703005328 0.219886721248501 
