0.8283348335617665 -0.551845965250348 
0.8449800707818054 -0.7509944773681734 
0.4251962970774298 0.049037276761340794 
0.632928242310026 -0.3367278622544752 
0.6304557142116933 -0.30657321074379457 
0.19653198542181227 0.582050500796426 
0.03304286376141144 0.7936936938084201 
0.8313326717671305 -0.6002543637541554 
0.44677531682240795 -0.10562059745681643 
0.43458174970015606 -0.04026264882160232 
0.6292944992493452 -0.28498591713599164 
0.20427910023156892 0.5247752812431039 
0.2136477913814021 0.4521086423674801 
0.8387998313806861 -0.7008762519910402 
0.08360693929155 0.6728283114126924 
0.4322062484297653 -0.019832870016621297 
0.2313335599346637 0.3330993867362436 
0.4145553023749639 0.1763492973783244 
0.4177654750467254 0.13755889896124965 
0.4307041229664768 -0.007173556551703845 
0.22824486551956452 0.35040704438267123 
0.8420739414396485 -0.7313725723822413 
0.06322649682812548 0.6946202999278668 
0.4272386508282528 0.028655004217842884 
0.049567286076621794 0.7324685467617071 
0.2250774521027717 0.3690613670991779 
0.6215557506259528 -0.1757777849921127 
0.6424406245011669 -0.4231413407545097 
0.6247808297305585 -0.22556480404922907 
0.416302676817172 0.15421318222058059 
0.4433880889252476 -0.09427081131729814 
0.42092874547174464 0.09688362275251411 
0.6259767751741134 -0.24361831219162283 
0.004276997718402842 0.9385161636343103 
0.18997950518574813 0.6271576387073734 
0.010227372181987993 0.910873383184427 
0.6358063344956503 -0.36799743846791877 
0.8274084288562955 -0.535501040083782 
0.025737308529106606 0.8412023870945291 
0.0562123002936587 0.7128472760078898 
0.45220997822442166 -0.12017072886726295 
0.2217881636366506 0.3930886250604316 
0.4362161521609567 -0.05185521057282845 
0.6456193651603525 -0.4399059169634804 
0.6379596738746938 -0.3877632668362191 
0.4135842751938606 0.18924359541950367 
0.18592475806417902 0.6527723022259737 
0.21859370722081795 0.41576738474271535 
0.21605670163231702 0.4345025996104508 
0.4235274217671069 0.06737779886709915 
0.6404202901031621 -0.40916181539141644 
0.02699809473270401 0.8202571769438645 
0.2573887125151245 0.24473977281844783 
0.0176650904383871 0.863348869608439 
0.19348009162396948 0.6031566361074292 
0.014395637845563802 0.87963653846177 
0.825803920196464 -0.5043599800800272 
0.4111856968366777 0.22012309190662788 
0.4191377567555741 0.1185453102986172 
0.43978274637034637 -0.07741328481593843 
0.6341592607274246 -0.35093983456855193 
0.8247059964346375 -0.48334876920542036 
0.8233641999267659 -0.45634410543763826 
0.6273126134484682 -0.2635031672188858 
0.211329943640128 0.4705479443637995 
0.8403966515340477 -0.7167126030137458 
0.8298069480155632 -0.5761722099778273 
0.409513157768817 0.24232257228720722 
0.18255673386990545 0.6712692187872109 
0.002295005887475818 0.9582068764380142 
0.4121876956562076 0.20745401019929868 
0.23972028089720893 0.2868819337526006 
0.2067270952591099 0.5086509355309977 
0.20201012286637346 0.5409089305596393 
0.23443435533689333 0.3131322700222483 
6.692548663310496E-4 0.9813361033064895 
0.83315830458134 -0.627611887696755 
0.623231086046493 -0.20122157669837995 
0.07132275843125924 0.6817373316943754 
0.011026161659144051 0.8971052075220587 
0.8515911497253221 -0.7709977685199161 
0.6184327094090355 -0.1209131819539435 
0.04384425322985192 0.751381551519782 
0.006235375918658248 0.9246758256882837 
5.204899201533708E-7 1.0121457301272787 
0.42225003971698005 0.08320734579851702 
0.631374796734005 -0.3186693744653738 
7.514558914992892E-5 0.9965590120686685 
0.19923625219113839 0.5622475198540667 
0.6200382365854348 -0.1486123741589122 
0.03926104148303207 0.7707379699328789 
0.837245345442816 -0.6832593799377079 
0.24652151459025926 0.26298354479071734 
0.8345510913145952 -0.6491067346427207 
0.8356064201091461 -0.6621967113192047 
0.8240982334809093 -0.47061768296178463 
0.2087399947152709 0.4915699026592047 
0.8266572264836982 -0.5206942971616345 
0.6510086499913447 -0.4543757151493066 
0.4287584085053973 0.011653798226030495 
