0.20411982782621274 0.5277971127062394 
0.8522601257781749 -0.7714563955288235 
0.8288816538429404 -0.5598184228648564 
0.24273679633744538 0.27353692164091664 
0.1999591256383475 0.5577962797058257 
0.41375880598422443 0.18833596800825003 
0.4256954019329163 0.043294472067196686 
0.20903291316094974 0.488306722514958 
0.6200389390741811 -0.14962757261579063 
0.011540908437779707 0.9075111662855793 
0.643930305882491 -0.42861123957760244 
0.8268254673802335 -0.5222363057797822 
0.00222900211474299 0.959334979050799 
0.1920871894038995 0.6116901914145019 
0.6246953141832534 -0.2212435205523747 
0.621214175553235 -0.1703015534249426 
0.20263393239384095 0.5443509424457386 
0.08396201000587898 0.6731424190103261 
0.23017535749914086 0.33652837021792803 
0.23480107685587331 0.30977773700005234 
0.8298442357131045 -0.5773930419927997 
0.05638380675904542 0.7106422699726023 
0.8460785076766624 -0.7573975930028003 
0.21247119057568611 0.4610305191785721 
0.43889804274428856 -0.07169963183016274 
0.45547569056724824 -0.12150294423384082 
0.2582992464599386 0.2445679046513986 
0.23268980217756485 0.3240982640131279 
0.6323578102734876 -0.3300153724731996 
0.42680481748062493 0.030302840674733034 
0.433746126252709 -0.033060736606566936 
0.22742007355970634 0.35345977954211655 
0.029106452078380696 0.8146611195637832 
0.2207244086319252 0.4043620225395109 
0.4145315793140214 0.17614623259444137 
0.18640011454578687 0.6481354698118864 
0.6457697869388016 -0.44158446683189817 
0.22303669627498235 0.38286137078554605 
0.011719269952657096 0.8953944425585 
0.20678443707575178 0.5058021086798835 
0.8323947661946953 -0.61848200033229 
3.5210406286059065E-4 0.9862595290323369 
0.1982042078756331 0.5702024838488282 
0.6230237553400768 -0.19867009479440717 
0.8375474300123031 -0.687047487827024 
0.21933171355543368 0.4160829136769803 
0.41003187152540216 0.237355617000103 
0.4213177150910539 0.09179806418776972 
0.6289783591586932 -0.28717861434754616 
0.21696793795682717 0.42706289658623475 
0.625702846056076 -0.2406226542749597 
0.00573284193979913 0.9278123983353675 
0.4121133359842907 0.2081170531557758 
0.0034815419651027233 0.9452643853877433 
0.02360218947051003 0.8337347043373927 
0.436375915328541 -0.05465415178584804 
0.6220837011575963 -0.1844875609489073 
0.42877519587425966 0.012284686957434043 
0.8358864549604319 -0.6673587932038799 
0.834052069466066 -0.6427042938484298 
0.1951415574686281 0.5941255858779186 
0.424096005880506 0.05986555275443128 
0.6521129132097491 -0.4565322743203872 
0.6394280156328718 -0.4012121977436288 
0.8313356491261737 -0.6014123303041602 
0.8258577709585883 -0.5055168837744 
0.641218081891777 -0.41562632233035063 
0.6307370556299656 -0.3107549364683273 
0.2151880339757527 0.44223025441975317 
0.01771814625678364 0.8629030234095351 
0.6372107100306604 -0.38165601505537056 
0.06305460109399014 0.6978811424052432 
0.0207878535164763 0.848575019853719 
0.8407284561673929 -0.7193490372654848 
0.037523339799424404 0.7754243133013449 
0.6186872182534314 -0.12589462349951894 
0.24810250775153442 0.25728061323059165 
0.43205358465912636 -0.019498707170112036 
0.8277988338969233 -0.5413997213498069 
0.1830965537383132 0.6703234686816925 
0.42291157678011554 0.07452240262220348 
0.8248318552045771 -0.48594627492839526 
0.8435302387778898 -0.7428837604826164 
0.4179832023222082 0.13300119546858358 
0.4165077698929187 0.1500999032625539 
0.05111303178539617 0.7267928239022651 
0.04214060897816145 0.7575195167158986 
0.07118261058114528 0.6833499518423024 
0.43031519079427616 -0.003272449753073031 
5.213254560515644E-8 1.0099241868621482 
0.8235649304252837 -0.46044878873587325 
0.6277316383653927 -0.2640633359536739 
0.44148511533749235 -0.08729893145205955 
0.635546147955261 -0.3631821037376961 
0.032959940763915806 0.7961453006294014 
0.6341088507429542 -0.34931104814599384 
0.04604960869669211 0.7433814799644733 
0.18924672803075468 0.6311749867813781 
0.41963003071684934 0.11315763292778386 
0.23822888374937493 0.2928035782405948 
