0.188534501875573 0.6383087298315462 
0.4092977389892708 0.24503107230964677 
0.027043065756987117 0.8180596162663384 
0.059094664452214785 0.7048179875615522 
0.20044013981632597 0.553975716103644 
0.625270124974852 -0.23416389861846346 
0.43433194865322217 -0.037966615720495284 
0.20902392031712252 0.48933811496326224 
0.621701781271536 -0.17794272356647664 
0.6237055637056262 -0.19663626092926179 
0.023414275256815244 0.8362848379144159 
0.016662296640973018 0.8667177881784772 
0.8244743812694366 -0.4780387095289202 
0.6304078704299382 -0.3048597073958677 
0.20382519874253885 0.5276997373367436 
0.45408728953656297 -0.12128912713388841 
0.19200339277884682 0.6126366110129546 
0.22656553865270648 0.36065284680525367 
0.618638964255281 -0.1251015843681865 
3.3457625588648784E-7 1.00438915905555 
0.4109965625227738 0.2254339121851491 
0.8420458103962796 -0.7299347853919802 
0.6280602410316849 -0.27356347090065974 
0.43105270705747994 -3.2801736378555344E-4 
0.04434093803708933 0.7510468132949571 
0.41914709277292794 0.11947115413241378 
0.44213419128180753 -0.09029744127799773 
0.6362702763164481 -0.37335683552888105 
0.4455454468557721 -0.10586243677363259 
0.05322043174984334 0.7210655326173583 
0.6289746895180002 -0.2866068854060354 
0.21884554481311055 0.41484650560216185 
6.060466469750558E-4 0.9788783990217802 
0.8332612807414612 -0.6307112731763195 
0.22871709817810934 0.34488380306672844 
0.8303591593505566 -0.5854114437496329 
0.18282987656056984 0.6722796962487406 
0.0070457969389150785 0.9199712881427056 
0.22393787481686991 0.3783493721760752 
0.4329014507147748 -0.021682710655730703 
0.651184362636199 -0.4552920142649407 
0.42284645311017394 0.07570106397238179 
0.8317578849056138 -0.6080271540576898 
0.8290832559905406 -0.564510714789205 
0.23833658110175163 0.29257768961294783 
0.19031667493235388 0.624179979706299 
0.8343234790677948 -0.6456564142854432 
0.010684884588746571 0.9013731018099685 
0.0022902418355694176 0.9578954260430953 
0.41264151389999676 0.20115373044296322 
0.6443811573876026 -0.43448971926464175 
0.63340464829088 -0.3416287645633103 
0.23338501196451783 0.3179332683976723 
0.6318144233009536 -0.3233334093669326 
0.6350145732547973 -0.3597415479982388 
0.4245705406647089 0.05449740465978084 
0.826756448722916 -0.5226372456649122 
0.8258287367149096 -0.5037570756427595 
0.8234622863555939 -0.458249667849937 
0.43900325141052876 -0.07206863572327493 
0.4271157447334739 0.03165282019983532 
0.6405804158907932 -0.410547626359446 
0.4143861845955896 0.17928379275858072 
0.21278152650904666 0.45921178776461435 
0.2211213379905736 0.3980257812073896 
0.6241187978306147 -0.2145724652671533 
0.20646808165304703 0.5077527905008958 
0.8394944992573095 -0.7082550380291477 
0.21167894033770313 0.47402738129032557 
0.4288523568945308 0.013187002270955938 
0.032049437606085036 0.7986390469474919 
0.41614926221116144 0.15585722026765036 
0.835777187322423 -0.665027891056926 
0.048800590281083384 0.7361592537423814 
0.6208094609230196 -0.16122677231274293 
0.06360150743316201 0.6937802231455632 
0.8377193082550177 -0.6863995421587562 
0.020054146232692957 0.8507667090710145 
0.6384386959226566 -0.38998195266233154 
0.21651597999691163 0.432682009435253 
0.8514178989977494 -0.7700436728022804 
0.03619739518762871 0.7831693074241846 
0.43639627158317545 -0.05496325122770047 
0.07081241069431635 0.682045363914217 
0.18653773594591758 0.6501434577538625 
0.08458662093889052 0.6736778905111175 
0.6270839350388133 -0.2603325806324522 
0.013290358357287035 0.8843945063449213 
0.19476771199565643 0.5968376205549079 
0.03929585144953654 0.7692753394779492 
0.004387928388149012 0.9433715085089346 
0.24737176848221668 0.26035597056273246 
0.6263633810804471 -0.2470504276298929 
0.8454894347800048 -0.7536460355442883 
0.4177136128267902 0.13622973687524126 
0.1976767276518236 0.5758626862420829 
0.24191998391044295 0.2780533274733781 
0.8279251618994271 -0.5434229049568778 
0.25757259620673995 0.24583113972433715 
0.42112821173639 0.09497814732657024 
