0.18863894103244377 0.6332696617893394 
0.013979831850211427 0.8784525688366384 
0.43957266151732477 -0.07747916655939185 
0.4129207989929067 0.19626548484755416 
0.2122843398447754 0.46206034977840194 
0.640247136051881 -0.40890540897325783 
0.0432577981919251 0.7520200329403477 
0.4365698010260243 -0.05741859410238733 
0.007456296225070097 0.9138141229425847 
0.22556351947136105 0.3644124366591779 
0.4274775833485579 0.02359498873085117 
0.4423053642543153 -0.09297035385056156 
0.8339348104163954 -0.6419568573098346 
0.8407338667672556 -0.7203511523923445 
0.2369065110033567 0.2973362470494622 
4.5445772287834585E-4 0.9829418284696534 
0.25813617467200656 0.24379407919437285 
0.43451252019884434 -0.04084033819573458 
0.18591903490272188 0.6501654927471398 
0.19217522945527932 0.6103240363290251 
0.8510241441680179 -0.7717685583520051 
0.004878697511441821 0.9377826922158808 
0.6378670802820665 -0.38881155000775924 
0.6202385408614871 -0.153449333962545 
0.622395465484171 -0.18876593430429464 
0.8397500638430485 -0.706801419813648 
0.4326969151881766 -0.025402180954347178 
0.03993264406137417 0.7641452664744434 
0.24019992793555178 0.28381103860816886 
0.6256925626262355 -0.24113254411935486 
0.4463867530698514 -0.10992298100621697 
0.41427769417782667 0.17904771587762983 
0.830857241333421 -0.5947634386329106 
0.8261378884735414 -0.5110865527973926 
0.22829633916730727 0.3483359092996914 
0.6214425925990855 -0.17341934093948946 
0.8438944461679503 -0.7450758505541936 
0.19770843652772438 0.5718302133542739 
0.8370264217620318 -0.6819563387637139 
0.03591047094849886 0.7795412643160078 
0.20107588546329352 0.5465257835784731 
0.06305792120152473 0.693299176209023 
0.030710772644446632 0.8012370332745063 
0.024188517769408266 0.8304291790257092 
0.6278501242855997 -0.272965592316841 
0.829506568719195 -0.5719036007126451 
0.4256815464598122 0.04188998082705539 
0.41917765695184483 0.11687222538701095 
0.01716293047457615 0.8631714768427176 
0.40952238157848464 0.24125943718194734 
0.8463788553418299 -0.7593188462533391 
0.42355886442456125 0.06563449916040436 
0.4165548499612187 0.14964264349992454 
0.8352576367742418 -0.6598553808067088 
0.021170681620651 0.8442102076505347 
0.21473529766105254 0.44334988631131317 
0.22317176379763592 0.38100089199027 
0.20985355344591855 0.47994101619856305 
0.4206609681969322 0.09945450724149164 
0.6424530884098298 -0.42445160028121265 
0.6291826455989996 -0.291119286132674 
0.6455871740161938 -0.4414224306961097 
0.6185223870961682 -0.12466625390523581 
0.1828236268465792 0.6695095414044807 
0.0019308120360583565 0.9587282767738469 
5.065267205917589E-9 1.002895429578104 
0.4295467373922265 0.003395904351996732 
0.23449555607553016 0.3106341166657187 
0.41139129147752224 0.21668711372101054 
0.4549429148991905 -0.12262273039877322 
0.4216545219299222 0.08749074367131933 
0.22102787559118958 0.396360966464422 
0.6305829790127976 -0.3093876085436397 
0.8250482615250575 -0.4908843255904867 
0.8332974294518529 -0.6279955179491882 
0.6320729502833201 -0.3275791889937539 
0.19545390440222055 0.5963999492206401 
0.21858291071120095 0.4143787070023107 
0.05689845095672563 0.7103599804490681 
0.4156117368260448 0.1632609595376248 
0.635796407198547 -0.3690239992827402 
0.248658378509313 0.25468585483350575 
0.027777349837704524 0.8141750782049916 
0.24370828532925928 0.2701733325669973 
0.04750996564462695 0.7377267408694324 
0.6239686723718372 -0.21483513805203217 
0.23024445435420832 0.33512860022409735 
0.05157784594043449 0.7245215147029052 
0.2071573804957197 0.5011470145004132 
0.07183707239656234 0.6800798482610539 
0.010867587943142298 0.8945666637740658 
0.633926918572434 -0.3495260115149719 
0.08396604635469446 0.672184241151989 
0.20410535650179745 0.5248373824646472 
0.6529014707602947 -0.4569272988298392 
0.8283085565117732 -0.5518301586743749 
0.8274382285215949 -0.5359039409946044 
0.8235252162818693 -0.460009669973068 
0.4178257878956822 0.13421239261828194 
0.8320063688992307 -0.6126987803650698 
