0.41576541989475096 0.16040280122057163 
0.620911647472755 -0.1644657016308202 
0.8298544853922226 -0.5771561501968145 
0.19795972548900823 0.5708531244567595 
0.8352259623224192 -0.6579978984471797 
0.6264453586835361 -0.25171964359260574 
0.0454084308211038 0.747650033500139 
0.6314663711069812 -0.319324911909389 
0.4276475594884278 0.04000900347127969 
0.4242581230085098 0.06926202889950248 
0.6362170091485505 -0.37186502759795115 
0.45466823737644263 -0.12212443531000931 
0.06833643043938958 0.6853464374645879 
0.2059839581594386 0.5135381205495647 
0.8448893408903959 -0.7511002900999383 
0.026058223845282474 0.8233522807562158 
0.014489026059583188 0.877336124613859 
0.4125867848814383 0.20112941765735576 
0.8233551657986368 -0.45618647161092274 
0.8422123368688892 -0.7326492123435018 
0.0015313857645665278 0.9644934861974287 
0.4221490981174507 0.08268360608693505 
0.19262423561964725 0.6083851570551053 
0.00326400696114644 0.9509964938627423 
0.8382898993766752 -0.6957725276816369 
0.6201317144776654 -0.14317498993223024 
0.42035898896764184 0.10350826361057999 
0.41003294167508647 0.2360616256986154 
0.05902916978983884 0.7049198053038243 
0.20881528887274553 0.48900195061562884 
0.2122625866839964 0.4624354371572449 
3.3312520903108593E-4 0.9860892687809717 
0.23852980168190993 0.2911593679013208 
0.6333674242250303 -0.3422559470345367 
0.20042549902217982 0.5539458338813174 
0.6299412242470166 -0.3005087088517154 
0.1899115684169741 0.6264881395971797 
0.008625468973093409 0.9086794016663179 
0.2246221287374247 0.3728325407126982 
0.41891131595810505 0.12073915603655028 
0.6348517252268683 -0.3589385932892687 
0.23031242891238995 0.3352659180661061 
0.24226438976851727 0.2760159795157136 
0.6244099267839847 -0.22006518404045014 
0.03658723803280782 0.7807099807322936 
0.8518873434794855 -0.770932112902621 
0.21898327515987578 0.41240372295482036 
0.4139621110222931 0.18285414048250465 
0.6232683823468816 -0.1974004336681909 
0.005856380454073898 0.9296269587539684 
0.0107916953972782 0.8968071581219099 
0.8280093363094031 -0.5460191222579207 
0.2271239430830757 0.3565155410695506 
0.8272806694507058 -0.5325058735407456 
0.6419114164850543 -0.42014245533679656 
0.43390352933603854 -0.03581582572557976 
0.1821178827472773 0.6727661212470756 
0.6190132835490321 -0.13152259053992355 
0.41727681810906053 0.14187114956231403 
0.6443353528927964 -0.4342756020228312 
0.8261270416175804 -0.5105237255825102 
0.6282197752592993 -0.277020312738614 
0.2552364119570655 0.24549524913626308 
0.022043419853620738 0.8414733241664385 
0.04925807146697103 0.733228530569157 
0.03218304833928168 0.7975729778257724 
0.21612391145619383 0.4342469316675124 
0.8370450934670525 -0.6807549068683609 
0.18680971885276504 0.6492270519982611 
0.4278784353747243 0.019940299237443455 
0.20260853469499246 0.5366258124651004 
0.625213440823934 -0.23276009474735246 
0.44624028079520117 -0.10759109968568467 
0.8250633755695411 -0.490264445838336 
0.8336216147147417 -0.6356409647750993 
0.42991912420977585 3.434695831964011E-4 
0.43904830616549767 -0.07238099262455963 
0.8287977191976126 -0.5599273383120995 
0.637871385552622 -0.3885413721621734 
0.040330379691279505 0.76542391870824 
2.360479639171558E-9 1.0040224768898265 
0.8322713515806741 -0.6166904762832011 
0.19532950513535077 0.5888466543742701 
0.23262451177786492 0.3227989045432583 
0.43599075287521283 -0.051777066475734455 
0.2351005630158949 0.30908177856217356 
0.4323748208936698 -0.022372069621280865 
0.8400667280102458 -0.7136337270024099 
0.22188308068567852 0.39152215176570565 
0.6400576719002752 -0.40711761525341733 
0.08185105905388856 0.6729794485065527 
0.4243557969189278 0.05817843757583047 
0.8308663728801304 -0.593981112745476 
0.6522138619355933 -0.4552361758157139 
0.2473251372325952 0.2599537494631609 
0.4112067646222393 0.21992125192996026 
0.4419396956511499 -0.09011633762992367 
0.05322521603400536 0.7201834836267033 
0.621924515444381 -0.18140876204995657 
0.01798232831021955 0.8623644982698614 
