0.23674856440221642 0.29906287693258937 
0.19759474905657268 0.5723826813538454 
0.2258173117270293 0.3632873490370477 
0.18238827524042076 0.6711648512075274 
0.015950658369047688 0.868693907194487 
0.04290208822020449 0.7531083559549313 
0.43222445051785996 -0.02264738578318992 
0.006209005124995948 0.9227777337570502 
0.4227311507463546 0.07502355817831373 
0.454607085848564 -0.12229601050265292 
0.41697977962838967 0.15188134463344885 
0.6227490580943434 -0.19621198239170967 
0.2007288786696444 0.5496971487757036 
0.42178047970401356 0.08868281429568356 
0.03361437655210303 0.7909157596755995 
0.40949810289150645 0.24232303990786971 
0.4437064294312645 -0.09772417880630889 
0.2132558834413214 0.45413459473021317 
0.184157870862264 0.6608981867586151 
0.23977044247985324 0.2849695184073577 
0.6254415297509053 -0.23779930248969622 
0.04799166914255905 0.7354695427113591 
0.6224190147083335 -0.18251134199821045 
0.6235057928704139 -0.2078037264754556 
0.41995115744383327 0.10742487185233963 
0.20290336188676517 0.5332295236309282 
0.6430283246154342 -0.42787014070460344 
0.6267917393375088 -0.2577415940462649 
0.4411197874623208 -0.08587909193224282 
0.4317185545226879 -0.008755161325719588 
0.637339671335388 -0.38306097234515807 
0.43853434804765806 -0.06948867307990682 
0.18618007695353841 0.6483538613651962 
0.4179688142355808 0.13188046593902497 
0.19276893965976208 0.6061207663225385 
0.24266831324612587 0.2727975909784602 
0.022911511341404317 0.8354934925883422 
0.052544950191931006 0.7214402208410908 
0.025405316133788824 0.8242994629417782 
0.2110466681755178 0.4702867846233768 
0.013689280482659674 0.889997861988043 
0.41742044977023757 0.14183678040054748 
0.4290275011980231 0.00704210594853156 
0.6357354385642664 -0.36353632968501876 
0.4237594483232096 0.0626323225386401 
0.6458926955496972 -0.44142561353940274 
0.22334861044531512 0.38070847973925254 
0.6205779286529259 -0.1602112857747675 
0.41340204933745706 0.18939230955404718 
0.640517463775792 -0.41143674268611036 
0.6310821278432569 -0.3158194600794783 
0.20665884964517703 0.5047055280239163 
0.44777379812990775 -0.11318623361095463 
0.215241840170282 0.4387436859006929 
0.19908907807817017 0.5618476406251263 
0.6185060908975689 -0.1245701458144785 
0.02975038268105519 0.8062595745788752 
0.624552961133647 -0.22439215356259432 
0.018017308918204078 0.8585134547079707 
0.41084490895640835 0.2243205745280777 
0.436258777818339 -0.054454387757416615 
0.4148918257209908 0.1704576758422582 
0.21938647353522986 0.40829156477679074 
0.6292836509800366 -0.28962156692765284 
0.22872337398911538 0.34403320906207085 
0.6212758689719148 -0.17057899370831808 
0.23196764260192484 0.32529051775608436 
6.542746641977071E-4 0.977297654861819 
0.20462874842867762 0.5196547586136955 
0.18782659880593267 0.6385722461235038 
0.6391498533539656 -0.39668164091511343 
0.03763725575714871 0.774938931388211 
0.43422528214315137 -0.039189029229779175 
0.2223252854741775 0.3947717412253748 
0.21740994312835066 0.422531542631307 
0.2576580349636455 0.24402275925894404 
0.008729701049800115 0.9076575857660797 
0.0824389548250813 0.6717013371923021 
0.20913049491706276 0.4860663270996589 
0.6320835105099225 -0.3281180217640252 
0.6301309019229476 -0.30372363120025014 
0.24781616965618666 0.25751557868728125 
0.05807288069588998 0.705547438350145 
0.07104431676235326 0.680368623248727 
0.6280648783300644 -0.27542474609782164 
0.19067208803200772 0.6207950157429372 
0.42639350908682616 0.03431130850267933 
0.040026358762970414 0.7644821955480378 
0.4122416135977713 0.20841996320337458 
2.96810524986712E-7 1.0012313275007383 
0.19547787080844603 0.5882885159494505 
0.06339418867276977 0.6924128761143974 
0.4278248065388549 0.01987583306369257 
0.6332186311039523 -0.3410540658072782 
0.6191385153158969 -0.13441216785095325 
0.0019567298221007667 0.9588077036250836 
0.42492038750773853 0.05019115838120331 
0.0033577156546373693 0.9445993586149923 
0.6521575803557278 -0.45683211167490806 
0.6198767960659609 -0.14801251975943922 
