0.4256144080791825 0.0434895126943053 
0.18510106292660916 0.6549274683124884 
0.02991329825002432 0.8047734104458647 
0.22506993427748684 0.36990058064303766 
0.43088749552541783 -0.008713835527319793 
0.20629406470320408 0.5075885783453284 
0.2241413426034806 0.3816883118963952 
1.8574584298346945E-7 1.001413830271061 
0.003092665113495298 0.9457143087634782 
0.6346432684142261 -0.35687132686633316 
0.4293193641924402 0.007271074682866371 
0.2327102475266135 0.32060471066727747 
0.21515704699661917 0.43941946798113357 
0.41089965824858476 0.22824096249292805 
0.6283157499011794 -0.2781859180852957 
0.41144990304327667 0.21529818097984507 
0.011399426014026909 0.8919481872622355 
0.24233200971329616 0.2751534504865263 
0.6329081012515348 -0.33744809996222835 
0.19513491151311124 0.5901246696982779 
0.44608756390503707 -0.10838844515034589 
0.018782748088247873 0.8549284223051813 
8.177429571087427E-4 0.9743549024751041 
0.24678111920249296 0.25980524498455404 
0.6272421476756384 -0.2639156970795702 
0.22880784690111186 0.3442419072264456 
0.02588550842504267 0.8224447610523417 
0.042797989238303136 0.7545392454980013 
0.6514500276716811 -0.4563793676059521 
0.619133684164243 -0.1356861222712456 
0.4093126804109224 0.2436837141454462 
0.42802428836171064 0.017312810586362127 
0.42295614717087765 0.07260121034718635 
0.08251912013267784 0.6716225805364917 
0.4430180067599905 -0.09632808852329597 
0.2010281790759132 0.5520320197550695 
0.6220198067954115 -0.1841218414999816 
0.4160811207981124 0.15529911282196826 
0.6248660678480725 -0.22816231673552745 
0.6227932076876984 -0.19697216934702697 
0.6205754484092758 -0.15973663636168609 
0.41322128366353883 0.1918744351950716 
0.43225500228183006 -0.02216920639384851 
0.4383039294771808 -0.06956364428286604 
0.6461492685734171 -0.44385729010240793 
0.05480333225685939 0.7141919892815954 
0.2137692371569771 0.44992268781003397 
0.18251924763628305 0.6695190197356624 
0.4268267801228497 0.029792801022108822 
0.07107986886658499 0.6798869028687454 
0.05991414680826092 0.6999615406505995 
0.19015006735597278 0.6240139726764501 
0.6360158227645096 -0.37157010029879783 
0.6406214302986373 -0.41159089007892546 
0.23863445367435646 0.2898381591625029 
0.6436399901723251 -0.43172403444282725 
0.03331707269373879 0.7904418840905052 
0.6379950897271299 -0.39083258274521326 
0.6312590305308758 -0.3181620203850218 
0.21683817675159858 0.42633368395021276 
2.3748255377796238E-4 0.9867624141319887 
0.2113762958415218 0.4678634576965776 
0.22154368331844448 0.39336603849863677 
0.03792769130960777 0.7724111272258694 
0.4368648754005163 -0.059143668509209574 
0.424170074512973 0.05851538225638689 
0.005157810189380163 0.9292408613607478 
0.4407898645374203 -0.08458188283417799 
0.18734053285490915 0.6418793988350671 
0.42108116941669543 0.09361378768986756 
0.20799453913592086 0.4944514459974004 
0.19243815345363968 0.6080359265748254 
0.20436056204357 0.5231604904332363 
0.4183398450801874 0.12646002038663887 
0.6291208059700862 -0.2908302903847197 
0.41973541957270066 0.1104612882640552 
0.4536829704873238 -0.12311933696135202 
0.43459343919868826 -0.04215848109788864 
0.6301829294397487 -0.3008403834133436 
0.22704000501624827 0.35500504941138394 
0.23111864597138515 0.3324683386536022 
0.015552861139230267 0.8711790574742199 
0.4123624145594651 0.20380214926688303 
0.2197682334723145 0.4052050417271463 
0.20960899155352478 0.4814267333990679 
0.20243974451877833 0.5362293283056111 
0.007798398680047808 0.9123565163652583 
0.1976305880671125 0.573153256086061 
0.04552414910457504 0.744880418008335 
0.2561719304182486 0.2441219249120547 
0.4172162652126121 0.14120400888109177 
0.02253844050323489 0.8374590287749406 
0.0016764326583298059 0.9619214793411487 
0.6260665917691253 -0.24705946293555345 
0.41521238909436864 0.16660500974636736 
0.23472961246496976 0.30840323972649586 
0.41420029675655134 0.17953757988746685 
0.06581398918766207 0.6899315612658757 
0.6238030837014514 -0.21283590604012495 
0.048974322635430056 0.7326989690196658 
