0.43141281309600227 -0.013267592682101275 
0.8521879103425032 -0.7704959217581632 
0.18806580491967004 0.638051710648789 
0.4402405637474267 -0.0799320312503722 
0.23721649602975625 0.2978405617657968 
0.24237142312413917 0.2757270539440091 
0.4226825508337122 0.07502824662290941 
0.6209535962256283 -0.16565817913930425 
0.8376610151451008 -0.6877137375621218 
0.45233661201664777 -0.12208690942600572 
0.19926835837305337 0.561904338159574 
0.6277004176606773 -0.27020039434648224 
0.42482133739543415 0.05289649783440759 
0.41858649351843524 0.12576926238977662 
0.4258591947516124 0.04075377936795842 
0.20950414104652004 0.48374280483242604 
0.8308797571482398 -0.5940749057814104 
0.01134041036958212 0.8936415818806482 
0.23440735367719517 0.312150534847066 
0.41287892020651107 0.19746330041591215 
0.4284399958005495 0.01804182909608458 
0.4346783117051951 -0.04233669716638126 
0.21207753306416688 0.4644549644040614 
0.43622552441257806 -0.05354791028727193 
0.20282562386211148 0.5450581119734792 
0.22707280935152535 0.3589863060761958 
0.8233974372447549 -0.4577310610629316 
0.20382246313995533 0.526509029927704 
0.6360495217255724 -0.37078589767977727 
0.19379158622185327 0.5996374792197655 
0.4146878253459844 0.17471504613597383 
0.8356888226974394 -0.6644543367969484 
0.032561096189103564 0.7944410551633874 
9.45210115240575E-6 1.0020815573054902 
0.023522290625777292 0.8348869295706964 
0.0058134242412241355 0.9272480451771192 
0.8291310417768923 -0.5522799955955732 
0.8407681275633136 -0.7206280106530654 
0.40939632228883316 0.2436984119565692 
0.6343843213314753 -0.3544300781279699 
0.01919528504114465 0.8541521977593668 
8.228655081116143E-4 0.9809119951836408 
0.029546140703758807 0.8075998067517122 
0.6373746700068287 -0.3833432926293862 
0.8332428516228592 -0.6312800328281593 
0.08249977307770331 0.6723147767575824 
0.19045970346854457 0.6234167689913084 
0.6302410579019753 -0.3047235055611006 
0.6389263276881498 -0.3971393133210993 
0.0014710715325126763 0.9656248763832875 
0.6237188391615963 -0.209663729773662 
0.8293134641075741 -0.5673427170920253 
0.42179236512116547 0.08655260025374793 
0.8257709149212468 -0.5035769943064493 
0.05312339958578593 0.7198007449892718 
0.06927700472013083 0.68274344983085 
0.2236906817009936 0.38497331980614946 
0.059571149928917766 0.7030694780691398 
0.6249138356404705 -0.22877508322140566 
0.0028222306449753876 0.9501964655789434 
0.8250957123945416 -0.4876082785331242 
0.2203499868974152 0.40327064177259037 
0.18262675252259986 0.6713831302565639 
0.04305247950005042 0.7551763534441728 
0.8386680504873856 -0.6997527108592682 
0.619293894884245 -0.1370015893528088 
0.21691448221520665 0.42797686095367166 
0.8266738104241156 -0.5221505251675033 
0.62882681167014 -0.28456751418483484 
0.8426839994510158 -0.7362522712563941 
0.23208356128663504 0.32655513798503594 
0.24631970640210898 0.2614999435999487 
0.0471753820071768 0.7381190024124797 
0.014382575320234237 0.8770283347422644 
0.2148805283428139 0.44456407894101796 
0.20693190515331306 0.5035455896754475 
0.6261584950812511 -0.24763503603195033 
0.8447039254139441 -0.7491319276884226 
0.18608893916853142 0.6519170732590722 
0.6313700951581905 -0.3187943318763626 
0.8240023245489408 -0.4690092755635823 
0.6224604422844702 -0.19091384479899393 
0.4454207921281482 -0.10543534608306818 
0.22972012133846617 0.3400320588403972 
0.653598612061507 -0.4551156506494851 
0.037843584822928905 0.774183815507575 
0.4202847868946769 0.10485735115256328 
0.4330254668794021 -0.028960250708402593 
0.42967647417384336 0.0034952343962349206 
0.41671340246552985 0.149369883280022 
0.6327568632481995 -0.334651745272744 
0.2560832805118216 0.24503456501686527 
0.8299874939483234 -0.5794612724557123 
0.008889957080254151 0.9075997705263802 
0.8344432922044501 -0.64741005475048 
0.827390078154413 -0.5344314587176282 
0.8322521389190751 -0.614516053107441 
0.6414074170157245 -0.41547456632646423 
0.41112683133669436 0.21976256288006304 
0.644741104237371 -0.4361366229003484 
