0.04550531866800889 0.7439582696778445 
0.01240093579904794 0.8923477000025769 
0.05721393458172286 0.7070299111468537 
0.06689493286350012 0.6864957686247973 
0.832353684298191 -0.6181324117942083 
0.6220135297943035 -0.18351187059249988 
0.21872007441459157 0.4128119351007773 
0.8286929064655046 -0.5587710666030125 
0.8244053870558609 -0.4782416268836832 
0.8350476772828681 -0.6574869551699662 
0.20929671393639576 0.4840214831144238 
0.0423846539992416 0.7558936165537434 
0.6328589023121897 -0.33739780924815815 
0.2118400625609365 0.46464430001639134 
0.6422472919767629 -0.4224297332950888 
0.6302185205859903 -0.3048868587045304 
0.8380777462318901 -0.6928549893200571 
0.08031415667246655 0.6718148445338715 
0.42214210057015283 0.08204773222438479 
0.050799800137713236 0.7256498416786075 
0.6254725501059378 -0.23816336058487395 
0.24345918450681012 0.27129095394448566 
0.2143226754677733 0.44609573072212094 
0.8376236100581077 -0.6777819283108955 
3.2229584584139714E-6 1.0003974862996707 
0.2386481234862735 0.28984814702984607 
0.22050606359012737 0.4004563523697141 
0.20190371248138544 0.5409193129159399 
0.014479646610218444 0.8761857618485195 
0.6209315640939977 -0.1656738192206099 
0.009184195735538053 0.9053563413552014 
0.6342088989125889 -0.3524047282414723 
0.4451316611470474 -0.1054382530305729 
0.0014429539337651766 0.9654213941810965 
0.6245143111531708 -0.22365160898132347 
0.8254730721500957 -0.49966215050790247 
0.005769034010040086 0.9249497651269201 
0.8418761383845663 -0.7311626282947007 
0.4260429999988755 0.03886793735504672 
0.4283348830082304 0.014341995589490092 
0.6269919469543748 -0.2605618854177391 
0.4245952840264067 0.06267385653624541 
0.6359458381231808 -0.37046935312300444 
0.6197586142063645 -0.14578179478846442 
0.41565116436921606 0.16095423782030766 
0.003423506075905622 0.944058009798839 
0.22553070146618273 0.36453703024591744 
0.6451150218144491 -0.4393855114359998 
0.41453481467448616 0.17496212778033318 
0.21681250678336111 0.4268677443115654 
0.8299722309760696 -0.5811129851276291 
0.43717700230616724 -0.06147367129955722 
0.4184149844284022 0.12657124331318093 
0.8311536481329571 -0.599780373218151 
0.18245378109228663 0.6709480285830723 
0.23534851997378295 0.30678212623443396 
0.6230730601834864 -0.20087672231041453 
0.4295950310416502 0.0017569587342555009 
0.19222194036019907 0.6104575876425387 
0.42002889131727633 0.10672121628403405 
0.6376919897697427 -0.3880095213069031 
0.6185271027377095 -0.12532887173698054 
0.6534475724652568 -0.4566223510953892 
0.43416514363404113 -0.03884607159254252 
0.6314630366421273 -0.3195504873735733 
0.8402116842172408 -0.7154948334037863 
0.2568057009056427 0.24395585311525034 
0.827470748926109 -0.5370167483253605 
0.41667897564316864 0.14845299644225812 
0.826478122633046 -0.5182349719553718 
2.2013767567372056E-6 1.0148111484464217 
0.4121429845086007 0.20731473853571541 
0.8337562134742684 -0.6390555133300635 
0.23172158385530967 0.3273712351644101 
0.20722926207116787 0.4999375316791821 
0.8516667519415848 -0.7716407428649565 
0.1893961187021387 0.6292815158027966 
0.6397815542588754 -0.405652454166415 
0.2473696913262471 0.2579899524748224 
0.22295536580277303 0.3828337727570384 
0.40956296994088137 0.24047606938130203 
0.6285478114994301 -0.28243024069863476 
0.20455006245995627 0.5203834312303406 
0.03852319268972182 0.7703889096223736 
0.4406180359826457 -0.0835873596671739 
0.18653529354651827 0.6486390497406974 
0.19840773289253855 0.5669967541960753 
0.22987611783876222 0.34755851114163977 
0.02179176265406582 0.8410749339961341 
0.43172923676013525 -0.015976772042016894 
0.41312559987849606 0.19332814604079607 
0.03497841324848444 0.7849990482494414 
0.8235153354316032 -0.4600980701932736 
0.8449532017481887 -0.7520907816648266 
0.45423220151064175 -0.12269101556725365 
0.4105839525029865 0.22862320889661245 
0.02622859956112794 0.8216071349824585 
0.19557024239672266 0.5875390501164657 
0.01807706067127337 0.8607890121933898 
0.030131230881249083 0.8039141149149488 
