0.4140017249272905 0.18498464224751646 
0.41547941455805204 0.164302756113257 
0.20529565775121433 0.5174778015508563 
0.213398915173672 0.4536728556567667 
0.8339208124554209 -0.6368992402572924 
0.624613331479752 -0.22321450035007084 
0.22255410629244465 0.38899525624632336 
0.2096941985176638 0.48291482418661497 
0.6468150066141115 -0.4446100603322682 
0.0015293021971624077 0.9647942777010964 
0.8304322249077202 -0.5847247228999248 
0.8329484140766008 -0.6218254185147142 
0.8313088202728165 -0.6010522596646218 
0.44555846440223534 -0.10648254205966579 
0.054433172624780785 0.718643462781179 
0.8294774687159016 -0.5711303160641171 
3.8180448821330926E-4 0.9850861545764941 
0.19187111334769388 0.6165243062299954 
0.260560150013285 0.2475053873214315 
0.1824880455345534 0.6726461780692439 
0.6210031282482306 -0.16603325027666846 
0.8285065238860897 -0.5531286013906322 
0.441871616395709 -0.08784521081921139 
0.04938609144622186 0.7336839003871273 
0.2299172717693004 0.33951370301105777 
0.04073873554445054 0.7650711146794704 
0.6258918772532942 -0.24028741148801314 
0.4251258194315901 0.05003742608176345 
0.03158245125601156 0.8012946054696543 
0.8275073820907355 -0.5347756684132008 
0.19439451707825547 0.5967412342534408 
0.8251442741001189 -0.4922344949246229 
0.1996242633421359 0.5595232865950303 
0.8389202407356955 -0.700097095620309 
0.07009578891995893 0.6842874433260693 
0.631704581834785 -0.3203182628150224 
0.6347901738458415 -0.3561399519407621 
0.42777782685458465 0.021709949407619816 
0.20745335630097025 0.5007172341858918 
0.08568365900436192 0.6741362279688056 
0.6196133741524081 -0.14212725149128985 
0.22670035801089294 0.3588344345451528 
0.6411801277833927 -0.4127139121162537 
0.41256055276570924 0.2021938296912727 
0.23777103798912957 0.2984381125848174 
0.21553444847268308 0.43846658643717845 
0.4093391422992609 0.24562060947040412 
0.18673287193899135 0.6507748027889254 
0.0073643721090890235 0.9241049179116991 
0.6298278586730915 -0.2975586639578144 
0.026622825408524283 0.824898635398423 
0.4169285674388824 0.14696441557172774 
0.016887444146441 0.869472723640298 
0.8264409253597901 -0.5155146777601826 
0.6386347638441964 -0.39369077684674736 
0.6234651236894062 -0.20493954474925924 
0.013654747694746505 0.8833623409662572 
0.04595797044262809 0.7470464163548245 
0.1891990344633734 0.6324714441255818 
0.003458658228173945 0.945782153076773 
0.6268158034038456 -0.2548957162099292 
0.21156924521525802 0.46947746671069024 
0.6365726889372203 -0.37183503579080557 
0.6228377679748084 -0.19027980508033684 
0.6523762832326353 -0.4549084573531081 
0.22017316857100294 0.4040337735065141 
0.036678143375990055 0.7819696976694324 
0.8233678665172942 -0.4564427434190779 
0.02107916772286346 0.848480133420427 
0.6217546630911989 -0.1778797149245796 
0.43875146502878803 -0.06953279463688557 
0.20260596483735172 0.5365908099400747 
0.2341286676641875 0.313958070672791 
0.6285533257484875 -0.2805034448990354 
0.4109057884992409 0.2252360109496374 
0.240903623771945 0.2823619843086239 
0.4215037860324012 0.09193524374812437 
0.8515688486866756 -0.7708533323167178 
0.6434324296975488 -0.42639451262616135 
0.834795011424028 -0.6507629169206555 
0.4361240832402615 -0.0517580259311505 
9.789646728167178E-6 1.0040047029722237 
0.41966685381240526 0.11292932687419391 
0.19770326759027146 0.5743582277969507 
0.6184435961146506 -0.12215000710247378 
0.6335310396546732 -0.3427958541581128 
0.4323538572165332 -0.02093264775087985 
0.4233068173931992 0.07258408796305867 
0.06045626956960712 0.7024635942229464 
0.8372981411133857 -0.683556349137192 
0.009882565358248885 0.9050713734920919 
0.8412580999653688 -0.7229420180399765 
0.836156767893822 -0.669221560492576 
0.21807206369755391 0.4217496109528659 
0.42955555271467016 0.004682687703677175 
0.24642507977313383 0.2657062902265609 
0.8446271119331181 -0.7467686082524821 
0.4179424096359234 0.13347492508897868 
0.8243035114363654 -0.47476966030766216 
0.4547986605089594 -0.12080690284847784 
