0.21681929471843414 0.42834181266975707 
0.42393700788363153 0.061069519871805124 
0.2281319786146712 0.34847576504622346 
0.41795621053286763 0.13382241516157733 
0.8346422989208002 -0.6507948930826211 
0.06762398378400283 0.6862256933713125 
0.23942330728228733 0.2911058810564353 
0.6274326145875377 -0.2582940757972114 
0.6286926044171892 -0.28041813199970717 
0.019921974480149818 0.8491139376424703 
0.20280473476945346 0.5347644892386664 
0.18275047998273466 0.6717582229965652 
0.004888609114461262 0.9321754075674306 
0.1934561731680627 0.604840760372355 
0.18558202129740897 0.6531607915917733 
0.44699333764695903 -0.1112576908032573 
0.06089100457158092 0.6996345229904878 
0.2345736243172707 0.3103965202751534 
0.2143189580455544 0.44696802525651114 
0.8244040844427389 -0.477995836340441 
0.8374006954097961 -0.6863798620414733 
0.43161047439442113 -0.015580556772861428 
0.2226861329227599 0.38595465460683864 
0.22520237950997662 0.3679909091671285 
0.42649900719585854 0.04418617931158127 
0.42111665661749464 0.1145796411458582 
0.2097047310484378 0.4813186385544069 
0.8363509183343183 -0.6737531895340603 
0.05626918340621356 0.7162833839311673 
0.20008813199866826 0.5548195166843084 
0.23097360360126104 0.3307888821645834 
0.02746025528329827 0.8309873781156477 
0.007849372250730069 0.9122732028568317 
0.25730095193910935 0.24455617164032709 
0.6240088812790779 -0.2154825487481868 
0.825207831843069 -0.49395366629127396 
0.04093451751812073 0.7614893063810776 
0.8267421896731333 -0.522455747658025 
0.6397447655113524 -0.40446852328266725 
0.6530942292789064 -0.45665557110608945 
0.1883005642946077 0.636692500718175 
0.0828963802206281 0.6720281499327908 
0.6230493490302262 -0.2006486401405332 
0.20703935555240072 0.5022170338416571 
0.8517153428832429 -0.7720115422218893 
0.19079616071993138 0.6196263353926408 
0.8278342927294258 -0.5432902645771175 
0.4215745817186343 0.09275249014065391 
0.032674873016408826 0.7949784677455319 
0.41433979711316793 0.17833919633434567 
0.20480503001362751 0.5192095454897339 
0.8460460527455087 -0.7575908051253439 
0.41576772506740883 0.15952408199662102 
0.4094086227717343 0.24326044980275435 
0.24344825768778208 0.27033669850903735 
0.4427111714564286 -0.09473113785043526 
0.4128960587663424 0.19659529721314573 
0.21995864946817495 0.4073229022891639 
0.8233458018567978 -0.45684762676141855 
0.21182143384327795 0.4647791431823994 
0.011392031214844278 0.8922898109618743 
7.05395137064857E-4 0.9766230774752367 
0.41080996664923364 0.22461480800516137 
0.8307217731937343 -0.5922757458134139 
0.028182162934754257 0.8133799787064053 
0.6223265909169197 -0.1881047008217514 
0.44022161348851885 -0.08105032148247482 
0.4374938705000303 -0.06324208198259659 
0.002721654068387702 0.9515405325180577 
0.014930829118895206 0.8745034651227832 
0.6420688285007276 -0.4218266499391885 
0.6446702054695718 -0.4372990662309714 
0.42669658797052334 0.031237209145692817 
2.8228812400457604E-8 1.0030790807875969 
0.82880331741775 -0.5602013545733511 
0.43496145643083506 -0.044296712619479484 
0.04675212495230546 0.7441417212103936 
0.6197298870840633 -0.14524485593517397 
0.6376815145516098 -0.3866282452036291 
0.05028601406642816 0.7292585167359346 
0.6213921256893925 -0.16904013531727372 
0.8431881957066917 -0.7402766090099859 
0.6252425881492394 -0.2347851264690327 
0.0364995090884882 0.7782437719581112 
0.6338279002301203 -0.34831277422000084 
0.8385077959162756 -0.698111217460215 
0.42221719600022584 0.0806720491181943 
0.19658284581616975 0.5804442578478668 
0.41672708479828713 0.1475698853647712 
0.45412521891363145 -0.12172396219364046 
0.8319027572847335 -0.6112309976141462 
0.8333269730867494 -0.632461978486324 
0.6357035999802207 -0.36760714607597816 
0.8297328017448485 -0.5764377402397924 
0.42921947551856166 0.006426940699626516 
0.6319715398748197 -0.32607762889278064 
0.8259318337231125 -0.5074070760303332 
0.8406753655403834 -0.7190138129108445 
0.6187706168898488 -0.1283500373120623 
0.6304762615351112 -0.3078764991062006 
