0.24857158657243905 0.2554330214970067 
0.4250473398427178 0.0641599853505645 
0.8363054166394768 -0.6727016132265132 
0.1902928359312645 0.6246939083960842 
0.2010595153700933 0.5491789314290682 
0.006596407953109257 0.9209858034414716 
0.22596886046551967 0.36325267801125827 
0.012297530064780404 0.8876179040664909 
0.0013353235856936596 0.9674933579125876 
0.44213020169371364 -0.09083311901939599 
0.2058521487246316 0.5130221347404792 
0.845309614812248 -0.7533753267480793 
0.8248813005589082 -0.4831055859367362 
0.43372791048138076 -0.03416587426081314 
0.6212851194059692 -0.1705556650214919 
0.8525575687324229 -0.7718574072775509 
0.22873730576984042 0.3460502804778608 
0.43975215273369106 -0.07806904410415433 
0.2188370427808971 0.4150349672311062 
0.8426077739912844 -0.7350049224638864 
0.44709818812813995 -0.10966037230018887 
0.21036168125449625 0.47768912786522044 
0.43773017692962335 -0.06482871385281198 
0.2415388541742457 0.27824201849796865 
0.025726861478515273 0.8327296479514934 
0.051705404324398546 0.724790197915797 
0.002509975981226764 0.9545384626867883 
0.01591915138547889 0.8689160827604708 
0.20311783488002785 0.5327950997419385 
0.8336642477097109 -0.636697049324446 
0.4154696699250072 0.16342949197258155 
0.23304848556812158 0.319017190820364 
1.7732586811242124E-4 0.9892990870494893 
0.003937738275762534 0.9408652242990277 
0.8271083925812426 -0.526946400770623 
0.23765267139363552 0.29645777883232227 
0.6395926495493447 -0.4024718517307893 
1.250426527946158E-9 1.0041233589683427 
0.4544336730733557 -0.12174179446782694 
0.8300130416063298 -0.5808890447491416 
0.8398009301141802 -0.7118581885349744 
0.05885092280410721 0.7032727220985755 
0.21244377945190732 0.46070546640324234 
0.6329999437976856 -0.3375600509452169 
0.6199406113399362 -0.1485027300618526 
0.63612967958189 -0.37247441365464856 
0.039425046984826684 0.7676431364275474 
0.8381364274310515 -0.6934172700971909 
0.18531677034084026 0.6566492586752287 
0.4129303722289285 0.19789247397813167 
0.8234810555720813 -0.45834811199597825 
0.8288693723203266 -0.5612797697953054 
0.8347344338431494 -0.652215760565848 
0.6253541770393508 -0.2351207659304415 
0.1822347951285797 0.6715750960787088 
0.1989206870585785 0.5643358686907798 
0.6241598240239649 -0.21745447887525726 
0.008831457018701416 0.9058857313047305 
0.6455391649943611 -0.44035105059215235 
0.06806666990853638 0.6845552274249919 
0.19334969398352456 0.6042443549395488 
0.41949384303264875 0.1146556790539283 
0.2224795797992233 0.38639935197555053 
0.42073434055726006 0.09964565235248747 
0.41116810981130536 0.21905732814825674 
0.030028096125035764 0.8111274595091157 
0.4096905583866365 0.2390649336554581 
0.03272580377316722 0.7944295168927291 
0.18730490049158866 0.6428299506018424 
0.19663671165445262 0.5823737219337488 
0.6345057467247534 -0.3539463916116563 
0.8280251085173665 -0.5440146601982633 
0.20798411931075653 0.49462035782713537 
0.21458454513665035 0.44502346760179445 
0.43095815482524913 -0.008672891316440523 
0.6424395175349357 -0.4242838368455665 
0.41808541134102317 0.13040147481659975 
0.045042175889381586 0.7467496619135013 
0.8324774031355926 -0.620071751967733 
0.42548254710955014 0.044809898620665554 
0.019750805367030805 0.8516783007146975 
0.4140865439440861 0.18170888841633373 
0.6287762830631726 -0.2836772372936749 
0.6228183088589351 -0.1959173711042547 
0.6390108562458878 -0.3886303275182532 
0.08492444133772953 0.6737555693761708 
0.6315145624732355 -0.3188896836699656 
0.4170115928922434 0.14509803597563184 
0.42860991698907525 0.012601895548922402 
0.6263971530708891 -0.2502833434448229 
0.42184344482575287 0.0856547519657099 
0.8311138611304074 -0.598568884771549 
0.652916461521584 -0.4559054176962099 
0.4355113369128053 -0.04933134327459732 
0.2583922003431819 0.24585285405226248 
0.6299573416356558 -0.2995562951764564 
0.6187952960493687 -0.1280549495282821 
0.8262117146628186 -0.5102466630948098 
0.6275483699427801 -0.26592137845618047 
0.4271311251323707 0.02781545252819028 
