0.6371590105572941 -0.3828255673802462 
0.4383205609738374 -0.06915222193184631 
0.6319892569843608 -0.3266224938573293 
0.8428748552651951 -0.738217962945023 
0.8298561719116204 -0.5778089590395772 
0.200609921918175 0.5506044319533485 
0.6296304774715794 -0.29613905235471905 
0.40943130631800556 0.24320510359453149 
0.8518183406182512 -0.7718633631080505 
0.08518147493594053 0.6721018759887165 
0.41569716079364527 0.1604164759392118 
0.0013499191232468118 0.9664544088430513 
0.6281582489207846 -0.27701346204639565 
0.07109085902432544 0.6798944529163551 
0.8325678087504699 -0.6130011666789366 
0.6396560038539943 -0.40375647254846503 
0.21831464211743074 0.4193481917401411 
0.8406257973052707 -0.7195996483476128 
0.20780473535010818 0.5083608905315368 
0.6415747241468316 -0.4176418597210841 
0.4186195614165177 0.12443160060591187 
0.002616465617139588 0.9511690695038976 
0.21052561096985062 0.47560216141945183 
0.6234859806241027 -0.20678326887251489 
0.21988286037276883 0.40463980390915855 
0.4315281283857117 -0.015902694238372053 
0.03716290781800691 0.7755731932539067 
0.411445221825758 0.21629811148396325 
0.2033944239128211 0.529331770907635 
0.056759623458876085 0.7095862120619337 
0.6258243497172007 -0.2402979991268223 
0.8253443595856137 -0.4965162409473989 
0.23308188258822995 0.31930544154261703 
0.8309026034817381 -0.5955451464092896 
0.183042893737895 0.6676736364674091 
0.8389095245667066 -0.7023949276499284 
0.42612973255303305 0.037255821142462515 
0.8344482020253768 -0.6492324470932059 
0.212783055262869 0.4585860866058233 
0.010508738448645472 0.8975789418422795 
1.7801267417050758E-9 1.005673179781002 
0.8368699176154614 -0.6788368797061846 
0.008463545752906032 0.9107820250971301 
0.6529515256319784 -0.45589497525572553 
0.016542067842628516 0.8658538848733747 
0.624251899929914 -0.21823593502339816 
0.44292041506298424 -0.08609492873236749 
0.06313272907872809 0.693430471295165 
0.4297987733455753 2.487674928716334E-4 
0.6271150875336935 -0.2617783735774203 
0.22292826834073204 0.38359677485241317 
0.4366585735256834 -0.05747470029307153 
0.44522149267063127 -0.10416296264281578 
0.8286193182494483 -0.5570536808135332 
0.42592961178117933 0.05617589763887554 
0.05363696175356486 0.723338016320373 
0.8243752668670816 -0.4776462223930162 
0.21497667801823017 0.44112045369873104 
0.012603715330269522 0.8852703121246622 
0.4203818374877093 0.1024834689563771 
0.8357291373698242 -0.6658552697381594 
0.4165894510266628 0.14941811752328513 
0.20856650805648708 0.49034851466823637 
0.8333275881245531 -0.6309153605704544 
0.026010200789336697 0.8224715899376246 
0.6446970314405268 -0.43660513043065513 
0.02171361089219087 0.8430445783088317 
0.4540625489293998 -0.12212255606434393 
0.633361541517397 -0.34078920705376925 
0.1950512596337322 0.5917336505495717 
0.42838887786953866 0.014632164429067536 
0.24018293838638494 0.28362012641104867 
0.04089021006118029 0.7612626182783211 
0.41390299022203003 0.18481651543632355 
0.8264378864957388 -0.516983107659621 
0.18919366665450965 0.6303130386206949 
0.8461147636581461 -0.7541010659351541 
0.6215273088792422 -0.17398667438807214 
0.030892671223123627 0.8012606210808799 
0.41271481353632755 0.19941509378104333 
0.00466405449928918 0.9335785929780831 
0.04627733473999063 0.7424889588004064 
0.42259086632392384 0.07654584048005514 
0.4335302521970382 -0.03319710020290536 
0.25724063783039053 0.24532547916302916 
0.24598176137615585 0.2626351447120804 
0.2297887402132459 0.3387612935734553 
0.2360964159484299 0.30230058379734875 
0.6350543532584336 -0.3607605406156511 
1.947533463274977E-4 0.9907145112476071 
0.8274958460802334 -0.5366183423604364 
0.8235563659435824 -0.4609474313914396 
0.22681310896403295 0.35697167251581835 
0.19221360863848647 0.6102166575487672 
0.6198937423931957 -0.14786972265592574 
0.18594537846855094 0.6502601670899355 
0.6226802745510618 -0.19393677164757234 
0.6306368175635639 -0.30909348675227666 
0.19821852471183488 0.5700970916747029 
0.6186329834060214 -0.12628198810734229 
