0.043452726148110965 0.7511813516725363 
0.4187652083531618 0.12210634948372094 
0.8271545552862504 -0.5307072986724062 
0.8252747923058614 -0.49500165277168445 
0.645471128956035 -0.440994563105485 
0.013688355337499625 0.8802222321419365 
0.4112165110971418 0.2185982102520574 
0.6318939120240428 -0.32557491949261913 
0.05518501536732495 0.7131913321317864 
0.00397352405129775 0.9387633687170405 
0.04925745788984631 0.7308928274546793 
0.01798628681528125 0.8598155010067934 
0.83580795442335 -0.6666777970491264 
0.19120918099433692 0.6174798551766552 
0.4452187646837494 -0.10589571090111216 
0.6276291681528694 -0.2694847040248342 
0.20624479571539872 0.5097974933267915 
0.840370882904769 -0.7174188040460806 
0.22132855747676833 0.3977397001956571 
0.6228274389236867 -0.19735913721260895 
0.025887227602835183 0.8229619604420443 
0.639706906887382 -0.404884623240685 
0.42792626574159415 0.018513686062788394 
0.43346475909698173 -0.032631728373778285 
0.0016627473747869298 0.9618060366754022 
0.826078678799216 -0.5097888557465544 
0.1986722553663372 0.5648907711991356 
0.060859245423209085 0.6977064181932144 
0.18871405648342052 0.6330156358230801 
0.8278509750758081 -0.5439427199047165 
0.6303484373511579 -0.30618052141168167 
0.4417222470954206 -0.0896568940304724 
0.831003285562738 -0.597573683508326 
0.8246774104124793 -0.48382107985849476 
0.43786207823248374 -0.06599502242259604 
0.6215349937453138 -0.17608668391854623 
0.20823914486070907 0.49184654029060065 
0.007773557883770987 0.9126331981436567 
0.4232715372309677 0.06885940250836478 
0.4131834913030297 0.1973532019011914 
0.20317447371624742 0.5310974233127497 
0.20071371989010398 0.5498858729819167 
0.6256534583512185 -0.2405176058040425 
0.8480392141636683 -0.7576873592031853 
0.0219670783278613 0.8413378099867433 
1.7742479967722746E-7 1.003232494233772 
0.010746992171215553 0.8954613862759979 
0.6204398034023144 -0.15766489223908 
0.1965516112094484 0.5808776056242697 
0.6336016862813041 -0.3456798114603368 
0.8335238362031893 -0.6355008174606196 
0.03890083091529811 0.7687875939210956 
0.24518594778222294 0.26455559457202543 
4.233231654552916E-4 0.981669885109218 
0.4093341891587118 0.24406581828164306 
0.6241396618160526 -0.2178973605325146 
0.21776475348321672 0.4207824641231334 
0.6353231122131658 -0.36403030031534916 
0.22764689194766097 0.35126776811433713 
0.24032498859319157 0.28202219348514396 
0.828883717992766 -0.5620986762020349 
0.2109136290763709 0.47278912739999934 
0.8432761214866595 -0.7407802092282879 
0.6193281695761094 -0.13877394220309044 
0.23229910460848058 0.32302423580262213 
0.25556744926248864 0.2445124470764649 
0.8235916398536779 -0.4622043097409002 
0.4171942124403983 0.14209433662071794 
0.642323277654316 -0.423922847124059 
0.8372186375039619 -0.6843552956347051 
0.6264991261805479 -0.25342612327875075 
0.6184762594205729 -0.12386272030849911 
0.18603131201248035 0.6501049147526602 
0.22412300645837485 0.37513894050378344 
0.43035228359342864 -0.005630752466049624 
0.42467143725020345 0.052987905328979366 
0.21529096407309753 0.43810895827978846 
0.8298969423921976 -0.578879110085176 
0.4202431004015357 0.10409937349789396 
0.45379875305985523 -0.12252142143822174 
0.08342897670962586 0.6724986376279509 
0.831966375717331 -0.6124713548543202 
0.4265295432302836 0.03350392428758134 
0.6371513500314839 -0.38229329745081014 
0.18472651127025735 0.6629553700721155 
0.6518548319432793 -0.4569688328316261 
0.8510942095523077 -0.771783946316901 
0.4355973046268158 -0.04992131891740522 
0.03502610076343224 0.7844087179891551 
0.8345891606636744 -0.6501610468398986 
0.6286548157253942 -0.2831575958464224 
0.4219491662925007 0.08413394931468542 
0.19404316873519617 0.5990640633156555 
0.2135149780344651 0.45342558232809227 
0.4155470738297159 0.16281291486967991 
0.4139815175943673 0.18262393174534525 
0.8388032343487708 -0.7015662827329587 
0.2364849286671714 0.30060253236878653 
0.06756859817554034 0.6856284967722479 
0.03066994689601915 0.802590069999638 
