0.4448311102295013 -0.10408436267439848 
0.2279911533337263 0.3487847089899428 
0.43220751888852726 -0.02202820833171426 
0.4197959170909643 0.10901618773098033 
0.21891829939028368 0.41169523062810703 
0.4128420784701012 0.19798932833172977 
0.8381259048701799 -0.6943518736534339 
0.4264045105055195 0.033709048754068084 
0.8524019441724161 -0.7720119574740064 
0.048736976965740204 0.7325407429530228 
0.6251523265069333 -0.2333358460586993 
0.18984958261146473 0.6252491518720958 
0.6273939165601173 -0.2660493260524471 
0.8248426598400388 -0.4746086812538567 
0.8414985309291293 -0.7276186375758841 
0.8265719632485728 -0.5197760498111009 
0.6393263484109999 -0.3930977713094086 
0.1920788390163182 0.6110406849452593 
0.2474127022862541 0.2583988981250577 
0.44185816344820744 -0.09001682173907291 
0.8435090266467403 -0.7429877214015477 
0.6247568662059051 -0.2136588776218272 
0.8306885617803378 -0.5918690357498166 
0.041305402881593845 0.7598431549933921 
0.8351757907388433 -0.6588695558415044 
0.8460741747235158 -0.7581963063268855 
0.63589781769702 -0.3479645224864384 
0.8316840899347374 -0.6083677449222008 
0.007047687233769584 0.9189487589940711 
0.42259194377565956 0.07634457347900966 
0.653055310474083 -0.45680170357789857 
0.19511769931938622 0.5898398718045074 
0.20283749589096034 0.5344251574495171 
0.2136837031855659 0.45069848652330285 
0.009424541436272776 0.9026096971850422 
0.04584062696448554 0.7431494026273553 
0.22452165074481087 0.3720262190911516 
0.2310591309767882 0.329968036916311 
0.42762224544967414 0.022373892056814736 
0.1990212906259835 0.5620039893833192 
0.41870475421334385 0.12268319695403826 
0.43443910899325866 -0.04074268153180852 
0.6199178109632376 -0.14885852413056921 
0.01590944256643198 0.8685182167791452 
0.18737244198825442 0.6418139183812587 
0.22144504986980923 0.3941140892637813 
0.4256244027210429 0.04648401800132894 
0.2067112422414384 0.5092007393884619 
0.02507381560562888 0.8346725962909396 
0.6225965016935194 -0.19332426931071095 
0.06127094627293886 0.6976117903150688 
0.013746935608848945 0.8801426243068264 
5.233851904593604E-4 0.9878732996712344 
0.026853266505234452 0.8193687408149847 
0.6361485261507485 -0.3728584744381511 
0.06996120537112932 0.6813733758224715 
0.0852433599148395 0.6718171934430544 
0.4288622092799648 0.00898504983405809 
0.45327586798999475 -0.122095940386093 
0.23432345260835397 0.31124482798966907 
0.20908020682592032 0.48634601828364615 
0.640320688533433 -0.40918805748750847 
0.01976148939884474 0.8516993504315884 
0.823770890930925 -0.4652788704034825 
0.002386885120843795 0.9553951696968261 
0.24057542808471846 0.2899159045234935 
0.43881623863497776 -0.07250844432344727 
0.4303303728480999 -0.004571871139870531 
0.8282943431431239 -0.5512883119945227 
0.6463398351034522 -0.4441858712817893 
0.8294685045293376 -0.5718090975331871 
0.2575356636547416 0.24398993520178244 
0.6212081749767612 -0.1701223259953145 
0.6185683326544033 -0.12510898203829776 
0.43639273960016883 -0.05548989411119651 
0.18237006344515932 0.6711361828167411 
0.4095289598148958 0.24115835096701987 
0.41131118089382884 0.21778449889869284 
0.2165660851620488 0.4291316613486551 
0.41417372344363074 0.17996396314463756 
0.24270786619220822 0.2736968583141059 
0.833335755807583 -0.6330713532247255 
0.034808334432802124 0.7856186858777626 
0.8364545307058302 -0.6747583934165365 
0.625989705669206 -0.2454908365820228 
0.6310897092197179 -0.314498090456795 
0.6322966475637969 -0.3288256541214333 
0.6298056083035096 -0.2992641492673812 
0.8248776742209755 -0.48777329439059386 
0.2111147629639081 0.47042432559518155 
0.8397694394131519 -0.7115047284528514 
0.030236646510576365 0.8046791889589561 
0.42437039392410875 0.05686041833393327 
0.05438848465012616 0.7147130753809531 
0.6435378922260567 -0.43087997505151304 
0.41715243755038195 0.1424858471796281 
0.42091820386934814 0.09618725024102108 
0.4156299036805047 0.16131500818110156 
1.6824049276794152E-9 1.0027023620806854 
0.6285455574968475 -0.28219649422031867 
