0.5139703929139838
0.5142640438207002
0.5142550485523859
0.5141337833078131
0.5140889430236014
0.5139705485790255
0.5138082545634243
0.5139010249098978
0.5137782531852586
0.5140458456747917
0.5139905567099281
0.5132110779694221
0.5145818840850174
0.5141617777342006
0.5136094528281074
0.5111545343567895
0.5112796700916025
0.5144581593441565
0.5144946812370987
0.5144135434909802
0.5146300388786231
0.5142569928553055
0.5137497410213935
0.5142139685373638
0.5143357912380458
0.5139144930525291
0.5135604871351273
0.5141907488112537
0.5140397778656741
0.5147445948784365
