0.7149002824489189
0.717228434893141
0.7135431533886266
0.718664289561435
0.711824165615259
0.7068362729135416
0.7033766297928218
0.7074027181120712
0.7075426736168051
0.7226931555046686
0.7130723283871906
0.6991650882261057
0.7137658080264264
0.715462386241013
0.7052486414496211
0.714199735455138
0.7188964326352097
0.7123114294750265
0.7089420593275612
0.7073798419770306
0.7078102411403205
0.7098362380258584
0.707060168392452
0.7143659165317555
0.7256292721077616
0.7041615092654758
0.7111077326276062
0.7025651799123197
0.716288173174752
0.7016580684264133
