0.9659972123975811 0.07030881085903991 
0.1540520579255222 0.9777652846020011 
0.17739555614723013 0.9703533902851186 
0.8579676704785225 0.26694994961851903 
0.9193997641472444 0.15943199393037397 
0.7439833668766191 0.44913994774732335 
0.23357068589076396 0.9475774428589095 
0.5820641357446062 0.6648663996190649 
0.27361845690197595 0.9271996408256508 
0.8505229554356235 0.27847350683041355 
0.24940575831710332 0.9407043545806014 
0.20732680613057547 0.9592722574495349 
0.7073779340352643 0.5029726998957612 
0.45843386087902893 0.7917637574262414 
0.7382511042008131 0.4581828301447353 
0.5264806608477218 0.725627505672598 
0.785389799170937 0.3866343647364177 
1.4365037618313104E-10 1.0021210361258908 
0.3182030113272212 0.9009365975525512 
0.41084174309258337 0.8336851622833518 
0.8717695557839329 0.24710583787409846 
0.48474903836945543 0.7673362830005498 
0.7545890296689464 0.44479003282086127 
0.3541530990593621 0.876418546563804 
0.6862321768795477 0.5333587372867183 
0.12403182467142759 0.9868865625943432 
0.04893311502900349 0.9992691070147516 
0.6726661164960697 0.5513799529640611 
0.8452023595838709 0.2889491300267584 
0.5053273314497546 0.7502193962927608 
0.10572342198094026 0.9910558680382384 
0.5149660247664992 0.7376202007308074 
0.7549909237367971 0.43328714925381306 
0.6233238927338205 0.614243199767648 
0.49446088085726014 0.7584766796883372 
0.8957934864776378 0.20109783725790667 
0.8084549494824378 0.3501533322569803 
0.03035134187670408 1.001077471844126 
0.6157136592291452 0.6241916487937067 
0.6466926891849432 0.583827810129391 
0.06404609148206719 0.9977055633782685 
0.4239014989879014 0.8228803195375874 
0.7715726468232692 0.4075210616963885 
0.09417242553338531 0.9928239144091537 
0.1672232431627318 0.9739524763885418 
0.7227667540094125 0.48059635205244694 
0.5630180135585972 0.6863180801562397 
0.972109244473636 0.05833421466487621 
0.3430452685408912 0.8841101382856209 
0.8874529615895274 0.21484796596430944 
0.7635444820276727 0.42035341698659 
0.3286393506544535 0.8934694830068388 
0.07904208423914344 0.9953679958879948 
0.5548392214210088 0.6965005832185072 
0.449116979731423 0.8004354945139402 
0.2609366479149603 0.9337971147280311 
0.218254051107847 0.9548822846959053 
0.6372384086397032 0.5967777126555752 
0.9914765638085847 0.021536810196038158 
0.6015578108726304 0.6412481706623223 
0.97919348985154 0.04404519233648528 
0.9482155660545194 0.10478493530795101 
0.663850433567011 0.5620138279919946 
0.4721690255676637 0.7810071657940897 
0.8373348420942011 0.3020496754702629 
0.7796302740756604 0.3955458254455982 
0.9595920947764047 0.08424360020781704 
0.8303081780761862 0.3144490336307953 
0.9429976170982755 0.11392996576927791 
0.4383128490369351 0.8104813861452332 
0.29441650774705297 0.9150901227081706 
0.6593415220171495 0.5761028117741873 
0.6082402885065432 0.6323897976964967 
0.999750510248198 0.00464963932933871 
0.376588229499101 0.8605173165914 
0.14102565242861187 0.9822674899100218 
0.8146251368800993 0.33867177931968667 
0.5724334124050475 0.6751743116392804 
0.2840923163740243 0.921574999040278 
0.8223665164464753 0.3271644326598248 
0.9350946483556715 0.1289095054300978 
0.5450408923228972 0.7054116554068671 
0.8802449821736305 0.22809596903828222 
0.6308138692886318 0.6056955890555608 
0.4021243590274136 0.8402807350851601 
0.9846271113961942 0.034512260201669746 
0.3073990421284842 0.9088409201700448 
0.7314083509141115 0.46769817418585846 
0.7169729422835669 0.48983212757402955 
0.36625751258134687 0.8680692664284841 
0.5359595913369911 0.7156029272297828 
0.3885140937744714 0.851544821203356 
0.9117818660447317 0.1729485470743904 
0.8019763134128455 0.3603446345754966 
0.9265868257636372 0.14537235655597885 
0.6955365626044677 0.5193815694689146 
0.19282332749489473 0.9645349610126795 
0.7958394290892167 0.3700202536901771 
0.9040604695296574 0.18675294108894644 
0.5915388647616985 0.6518713336840462 
