0.66974103594951 0.553541784223766 
0.7763092881049316 0.40051406251254623 
0.4666444174696285 0.7842223324097265 
0.13137267409182307 0.9838491167490425 
0.5264618956457799 0.7248996638073217 
0.34310810381730406 0.8846018107158184 
0.9839082996215258 0.03505486516604427 
0.011558305667642321 1.0014039187487782 
0.4273371575685174 0.8246094768761523 
0.9191256988760336 0.15882591357578807 
0.5053156384291533 0.7468541285681295 
0.02177290851547775 1.0008940843491094 
0.998961700849177 0.004398908878147244 
0.9040803994894502 0.18448971618619842 
0.828806449983218 0.3152906955856611 
0.7142534675114203 0.4922194009599041 
0.2849938994415171 0.9200210913859866 
0.5394008806902858 0.7118350859509088 
0.2467153489135845 0.9406129094125966 
0.3023452919475444 0.9118075807184803 
0.4870639766151883 0.7645133742951155 
0.7002340753038874 0.5119271433158937 
0.5581123196008644 0.690248592427988 
0.37740942505870867 0.8595544063776706 
0.1437705008632993 0.9805258169905562 
0.8630137783546357 0.2570498720158316 
0.9310775811636249 0.13471671734607782 
0.7453278640584579 0.44733065752441953 
0.5674323152882357 0.6802530289234424 
0.6030575598861634 0.6380927098007017 
0.9534571958434783 0.09353363946823616 
0.941443094124791 0.11674412670109187 
0.9774865716998502 0.04757943383068393 
0.7680212474337271 0.4121180571577363 
0.04038689201935168 0.9997414101440032 
0.2039408992589934 0.9598858022999569 
0.5952788714171908 0.6484242052324687 
0.38939472603300695 0.8521556234473486 
0.8538385020966963 0.2733917292266358 
0.9118679698094629 0.17184486022827297 
0.9712530356530529 0.059183731763308815 
0.4140649186867009 0.8342183871057722 
0.17238121338346604 0.9717449113543585 
0.45698371135845994 0.792939016229261 
0.8949704204480013 0.20258845402675732 
0.8765151466204812 0.23459136248511667 
0.05964438379869233 0.9979304233061924 
0.21615418941362746 0.9547756920239495 
0.6361024721092877 0.5980837156772494 
0.9488576282989808 0.10284005068921814 
0.32935267827074344 0.8936616826251849 
0.7224508682132795 0.48059416769090174 
0.9247782496749962 0.14781842834154763 
0.7077997907470973 0.5017613888487077 
0.7824894331294808 0.39092913205636015 
0.8275647852749761 0.32740786886078244 
0.6134206639747177 0.6260528014659021 
0.4482649711868823 0.8012415341635287 
0.4015757311165672 0.8402092719687265 
0.576947800404798 0.669067069769935 
0.5168320380963286 0.7354785784431908 
0.9597735197065724 0.08207505321566383 
0.8044071451262499 0.35488645348107284 
0.47610916258205027 0.775532936850337 
0.6461819599133848 0.5852125454339683 
0.23222186889941013 0.9479551264307137 
0.19268855486979358 0.9641638341620298 
0.8130396987528183 0.34090793735868713 
0.4365259088939587 0.811392459902557 
0.965083196160082 0.07109284355966633 
0.8695972883638496 0.24652210460812637 
0.7598778098435912 0.4250341151071841 
0.6277129309959141 0.6128024671283445 
0.6815943416421343 0.5386633242741264 
0.8830718111583097 0.22235405877074102 
0.9969393673129703 0.019421950121367465 
0.31590979096773064 0.901815840072282 
0.5862635819160198 0.6583897829787267 
0.7522378518113896 0.4365553911151762 
0.6906439667240668 0.5250774381175136 
0.8448036370846694 0.2885170401284097 
0.18295054325141114 0.9681596435765598 
0.1183302085100864 0.9875901617133684 
2.661241643308825E-11 1.001684990521337 
0.6550607170878452 0.5732719721880456 
0.6631846088368656 0.5631570621858681 
0.15767613112823167 0.9766866940489634 
0.1055318284910581 0.99066809660147 
0.7965138187686377 0.36905044547617366 
0.5484363133531733 0.701585917823016 
0.362552861719795 0.8702350614292562 
0.7366885541163596 0.4594101686322296 
0.07609994375217422 0.996192993497836 
0.2728195720188582 0.9277735349323701 
0.09088271903241152 0.9935371490371796 
0.4979479867700696 0.7541768744114592 
0.2607047449375059 0.9337693358162419 
0.3525789493038251 0.8773337773450482 
0.7883801720847917 0.3813177784062482 
0.8376758872514252 0.30225413496008124 
