0.9672870923171817 0.06712974068423812 
0.986646820489851 0.030191343577727375 
0.6699846411842789 0.5536047536915722 
0.3603185686633245 0.8715411553245637 
0.012169934514052794 1.0013704676460213 
0.9599342217063409 0.08197127356397789 
0.09726497146677904 0.9929595960853881 
0.5323810767450327 0.7200560949502969 
0.8784998128281609 0.23278709979381482 
0.5204177199238317 0.7312682549840733 
0.6431415712250579 0.5886016578447046 
0.6170202325935512 0.622181681355144 
0.550335762105752 0.7001027287079449 
0.6532086839491379 0.5768635974909515 
0.20124738706515485 0.9611773764364011 
0.1413853462769128 0.9814960771464218 
0.34045393597249807 0.8859670071589282 
0.9249831516900453 0.14782671812319914 
0.5651590066758986 0.6825831820548721 
0.5785097371089016 0.6681011506686177 
0.3313881640293064 0.8924047342103704 
0.5063740405434537 0.7467996191351131 
0.8850017350614888 0.2193547155254263 
0.7279218441822678 0.4724828756113484 
0.0345141955250472 1.0004538460670902 
0.9322324477049441 0.13477260181304349 
0.7589998665447114 0.4261062853998585 
0.04524856732366239 1.0000876150346878 
0.5404202578260635 0.7099698446289368 
0.5962845138772602 0.6464849191150972 
0.6087031167474193 0.6331767417423675 
0.8635594148508634 0.25691901166466724 
0.6994349776458783 0.5128741383829798 
0.8711385919240286 0.24406911933473485 
0.9533194770779747 0.09411620339851606 
0.661650003756673 0.5648278049679695 
0.3951171040440935 0.8471749800362505 
0.17332690301519388 0.9727359157691979 
0.062226451039118114 0.9979783327125574 
0.8004001950366626 0.3647196117790941 
0.8924654372084884 0.2061319913435787 
0.9001948613933771 0.19247891388273397 
0.7514288608856935 0.437662153108496 
0.9171912029819258 0.16207629212841915 
0.7202908898163465 0.4857270700212143 
0.5750266067711751 0.6778750041833307 
0.8506809142082244 0.27932588876903974 
0.43320561213220354 0.8140323640072676 
0.08034232512702774 0.9957554759295487 
0.9731014259943127 0.055981898022481456 
0.4106462623523728 0.8333558440896702 
0.8380881155973372 0.3020661771546708 
0.710294725214287 0.49911878524682946 
0.6341464347642847 0.6003949251418356 
0.21813028552707997 0.9539470974689382 
0.9470456314239132 0.1060659873570188 
0.49045664163942015 0.7614951611097583 
0.8067081997632854 0.3525010475997442 
0.6242102095129611 0.6123410901381985 
0.9937770892183132 0.015246471219216193 
0.6781503168518929 0.542362762817865 
0.8578423769624032 0.26726723716890755 
0.7355397215555456 0.46176130385069053 
0.3102454774356481 0.9057361852061382 
0.29611657815358616 0.9137523528931187 
0.320401621415104 0.904220677220125 
0.7439178784061061 0.4493400741910354 
0.4691217304704948 0.7818273627832136 
0.7829178918006043 0.3899431050833633 
0.558563894097934 0.6906806218829792 
0.7748968370412961 0.4023900250844618 
0.18761239718000897 0.9662509885445404 
0.38023437272395816 0.8574556471935636 
0.9082428450599037 0.17961544817615535 
0.7926909746661017 0.374233429651127 
0.28561046174702553 0.9199194797583844 
0.12686554869253103 0.9853730166495195 
0.1574053912939079 0.9776015559244335 
0.4445261697415027 0.8044290092942548 
8.750986632424126E-13 1.0020821620256248 
0.24286977357407852 0.9430527531490153 
0.5876190090371295 0.6582423059400323 
0.11194612206854065 0.9894957624358959 
0.370211176070044 0.8648904697850472 
0.7673933838627084 0.4143125244752371 
0.4570728036104642 0.7934950147039571 
0.9804625914369212 0.04210390469712153 
0.8294059343904203 0.3156800234204162 
0.8116972131863878 0.3439176626312959 
0.25682550961030026 0.935625028144597 
0.6905793309169818 0.5271103873470088 
0.9389243689550439 0.12126961206958155 
0.47953888132275635 0.772628210961739 
0.23099514806146437 0.9488507718312204 
0.84324985896339 0.2916725874795385 
0.8205275174293889 0.3302266343324461 
0.9998700135017045 0.0041739489927272114 
0.34962197009880686 0.8803341226676495 
0.2724132137316877 0.9287667388499105 
0.42184194821396925 0.824861350016877 
