0.8741486124908281 0.23787470693920792 
0.543392097980232 0.707518355326118 
0.24996667946899465 0.9397433870991204 
0.5780340433716652 0.6672439229148702 
0.29916018351437335 0.9120732055727446 
0.95099476048974 0.09858157148359645 
0.69691085659176 0.5169687569411052 
0.3675342786710269 0.8667903723181146 
0.16997373811718147 0.973128328848949 
0.23075047089698078 0.948700663157977 
0.37976523558751285 0.8581969236829945 
0.2631578610870638 0.9323902088883521 
0.051802277038632216 0.9985720903185461 
0.5062693990094206 0.746355010078078 
0.6447361344113314 0.5865937738325757 
0.8705591984382656 0.25063493724160857 
0.7271412728043697 0.4737232039171014 
0.4161017164468793 0.8310733016072271 
0.40049530593707106 0.8418454998442287 
0.720602180137399 0.4854800118360768 
0.11424469676774557 0.98921100249691 
0.6083547326034534 0.6320094129145994 
0.8333074821445008 0.3080495108744096 
0.7679831487504242 0.4130976614658971 
0.20852391525632658 0.95862558250857 
0.618599826435386 0.622097967537854 
0.7608799784545496 0.4243973754160368 
0.3284134436159554 0.9026203861385228 
0.4328828748366709 0.8145141464182893 
0.24029607688702134 0.9440718405204928 
0.0942977143998473 0.9925874000343488 
0.735830071175493 0.4604636837676622 
0.685964369826791 0.5326010021387062 
0.7964699112868832 0.36820875307244655 
0.8987130434753661 0.19545866870161543 
0.9812480824615549 0.040585416694981336 
0.789848641459736 0.38221052983894704 
0.4596101892178354 0.790594944426753 
0.8549115739076365 0.2715581009757323 
0.15643025631628882 0.9779461560578564 
0.0395006301507389 0.9999281907394708 
0.6750932689218896 0.5477573885539688 
0.8828253436830941 0.22414402720161697 
0.9877705339500464 0.027328979883434003 
0.33965315333518376 0.8869919299891862 
0.4792918804103402 0.773129828221012 
0.8157669227018791 0.3381995729165992 
0.5155865894684675 0.7363377724374427 
0.7764371477096587 0.3988391618387364 
1.2320208877055839E-9 1.0018465475114617 
0.550629500319464 0.6989607389222393 
0.28701577886328744 0.918991533819009 
0.9442756980726406 0.11162959463573235 
0.274539444211104 0.9265326328124991 
0.6367608957063247 0.5967073723269646 
0.9644947972756324 0.07185971819728955 
0.6272589058725764 0.6094566373601694 
0.5939276485024614 0.6503689471198723 
0.6654984651604142 0.5597464010175703 
0.5336747150305227 0.718144818507449 
0.5702408225510964 0.6763251940571462 
0.8055331504152436 0.3531970419097972 
0.6558542890285821 0.5728789635532826 
0.9574653436406759 0.08575842474979252 
0.9314876364143362 0.1364789923677747 
0.48874463547429736 0.763310354450954 
0.469089209524697 0.7816055880610753 
0.18181634548714656 0.9682310014806468 
0.9159422915327579 0.16363065107296784 
0.847632493509276 0.2837867057384849 
0.3514063297062323 0.8789535193819082 
0.9938978911484248 0.015906311385398438 
0.5609683666345233 0.6866324849727921 
0.5252865997216278 0.7265571342545818 
0.3897007735330221 0.850533891126917 
0.7826787586489254 0.389412400667265 
0.22141357092350467 0.9528323324711555 
0.9724443773336622 0.057402262087601554 
0.06546556641170326 0.9972160365860526 
0.890202993505425 0.21091864894195345 
0.08093731014875011 0.9951737001954248 
0.9080137017621538 0.17937261244062513 
0.31323533665060765 0.9038417757110239 
0.9989410618801704 0.005792708916032675 
0.49658067721853144 0.7557334172811628 
0.44190236567041663 0.8064704303709113 
0.45172444210837887 0.7982688758423844 
0.1399533004647323 0.9818290054491502 
0.8241938418664982 0.32439624062096184 
0.6017271485766357 0.6400837220914211 
0.5857770732565415 0.6587006282097664 
0.7125584609914901 0.4957723355840496 
0.9243894402516036 0.14881599122824068 
0.7035904847517336 0.507559442369301 
0.7421980798033545 0.451837710663326 
0.9375328985455211 0.12525302177636816 
0.7522042177609594 0.43769644058356005 
0.8407625853834287 0.29774109693748935 
0.8620121856656913 0.26193543424614635 
0.1940239578304397 0.9645407473440983 
