0.9748748707100465 0.053136810565043276 
0.16529873626670633 0.9755747543782901 
0.6193425405979485 0.6187486212280956 
0.8739149480352426 0.23884034136618093 
0.17682212339690812 0.9706226996557877 
0.48999860716905164 0.7619082207316916 
0.885552401280427 0.22587566100462372 
0.4978044612315931 0.7547037899564099 
0.5553765643281329 0.693379782341769 
0.9286921280976398 0.14122061939125619 
0.6364725829912758 0.5985092849477863 
0.8138160549425709 0.3407941803706058 
0.5762847970561923 0.6704529354948306 
0.45998061843683397 0.7900147700630258 
0.6941044681433318 0.5204201863871439 
0.8229476017375753 0.3249367774043295 
0.8636625310873017 0.2574264208634827 
0.8940750011919323 0.20324318500965516 
0.9699284832949022 0.06627524431474642 
0.21566030332630992 0.956697568440854 
0.9351177770373862 0.12912047282628406 
0.026166535766971408 1.0009949849217326 
0.5664060592328264 0.6813308912577853 
0.28221475679156593 0.9223670129073128 
0.9130878557755487 0.1692439045330911 
0.07322441419915704 0.9959210875775105 
0.8876444185315395 0.21430055200108603 
0.5827592218698152 0.6621373020327078 
0.15085348883535726 0.9790378412953274 
0.42584189771463876 0.8208839096581609 
0.6632356224660351 0.5628149565171242 
0.9998187116859467 0.0037095817222957154 
0.8053343305953724 0.35351785448951406 
0.732908197624131 0.4656870893436755 
0.32021875754208345 0.8994393385547749 
0.30549753309641225 0.9084280545817793 
0.9907262425522904 0.02146373292998879 
0.09563249214225711 0.9927340190241131 
0.9200632697079023 0.15670433215731866 
0.8567313422967779 0.26901461083197376 
0.6741429129550065 0.5483257982571567 
0.791996116481815 0.3750814900677123 
0.6442168658534864 0.5879537880696117 
0.9816270160190731 0.041386536192073414 
1.1034453104879534E-9 1.002564803895576 
0.6557635197893705 0.5783578142794794 
0.20153826159089977 0.9616887919579615 
0.25222147552255625 0.9379397660608366 
0.7700297443356368 0.41047678986032465 
0.47234109068136265 0.7797533424982926 
0.08456536943891962 0.9947722153502749 
0.7050767238864303 0.5056677087211502 
0.7987864905127159 0.3646339133131516 
0.4036051688708969 0.838642881961965 
0.48314189865817747 0.7701639371196842 
0.7157424987343961 0.48991409935210367 
0.3552205254807963 0.87572927863246 
0.5067273366438652 0.7451357546458381 
0.7780273149163128 0.3986278015238988 
0.26652735142903516 0.9302455267166918 
0.5298742794700013 0.7210103613812744 
0.8332976993720983 0.3085056085002317 
0.23795668626684946 0.9445100128712548 
0.10559256929580446 0.990252012436375 
0.7619632701688723 0.4218623665857223 
0.7558493080845196 0.43148590994413916 
0.9611287288858296 0.07869951427592572 
0.060316586049950105 0.9981594214868794 
0.6271558587066379 0.6089210911019315 
0.19192914572968317 0.965474313399178 
0.5186319547220062 0.732862945805578 
0.6105431710511986 0.6295478896291432 
0.8480649571098667 0.28488082315348706 
0.7259644809010732 0.47537616784299613 
0.9540213756635335 0.09303445072417126 
0.8724190132985037 0.25186031236672646 
0.9061730004891175 0.18129823577163512 
0.33481505084401886 0.8900685598476354 
0.7398171816043545 0.45568899036169586 
0.4152889153924898 0.8296639377104859 
0.3469401939411863 0.8852134218333993 
0.22756544064880946 0.949840077810932 
0.29407182007627897 0.9153416886088692 
0.6846900535559447 0.534414611043804 
0.8417050134990572 0.29539792316716496 
0.12425370900825669 0.9868251980724408 
0.379802789615457 0.8586156316700403 
0.5925878249501121 0.6513720184001642 
0.9457463166260831 0.10860869751666487 
0.9003135583113356 0.19308644351219076 
0.3667067730085252 0.8676554605525897 
0.4523867596457069 0.7969654233011364 
0.13754461241259672 0.9831696191152322 
0.7477589128989002 0.4438697245274052 
0.7853754639678108 0.38619580702691503 
0.044578082161738614 0.9999423087394691 
0.4381864315648508 0.8107215749329545 
0.3914313041221915 0.8495706649901952 
0.5433656086711325 0.7090321220483299 
0.6013984386220371 0.6406033638798421 
