0.7280707368821484 0.4720086505586234 
0.5005081431861277 0.7513411763648286 
0.8879030921966333 0.21484321070462983 
0.521666124303394 0.7298667780379334 
0.48975238680314415 0.7620573812342395 
0.07138319120034303 0.9964615939550894 
0.4808079693692413 0.7706951813966224 
0.33072649683284217 0.8933442551477024 
0.8113466912021166 0.34496475770729323 
0.9723954939777426 0.05653535330414767 
0.8389050207695627 0.2988396892515442 
0.5950377273281325 0.6480825983018367 
0.6993017902062779 0.5139282654561893 
0.8315693207945795 0.3121822088737479 
0.9792882150332157 0.04530469190840778 
0.27046611863749576 0.9284604914139851 
0.11774481261037498 0.9883029572752811 
0.9920359358472612 0.02004838224353704 
0.3535601212116761 0.8764275408490451 
0.5565427463643374 0.6925111965942045 
0.36800729958326883 0.8687803703375031 
0.7162949778499196 0.48951422231760416 
0.8531257436219986 0.27524872476457934 
0.06285546570118347 0.9975730133178269 
0.012852197465062193 1.0015538931520531 
0.42890816094632755 0.8179669839554429 
0.8973909166015657 0.19821452882890095 
0.3438830888548556 0.8835836595630312 
0.30957704612457715 0.9054647477856016 
0.9189439452881351 0.1585003800013273 
0.9257326768025732 0.1457900417179982 
1.2349806391128568E-6 1.0021532076970634 
0.8237211125603159 0.3231538640629085 
0.6301807987366453 0.6050847952134474 
0.39266132031843987 0.8474467929885332 
0.7095283686092537 0.5091438727642439 
0.10402909417849335 0.9907199179369036 
0.8581709219847666 0.2656909076551537 
0.08275878719136753 0.9948200836573653 
0.2586020714297697 0.934693727252713 
0.6050520485951051 0.6354798998091927 
0.9844291701047924 0.0338400947439327 
0.6633449702999699 0.5617184213782586 
0.6128729612363357 0.627502008017703 
0.40533301442024594 0.8378380495653871 
0.20433691095736364 0.9598509688965543 
0.6556620035127542 0.5719311985276071 
0.6186479987791056 0.6193406370493517 
0.8048246362614114 0.35575051129175655 
0.638041678710965 0.5947340576874122 
0.5662207685616868 0.6809945446053028 
0.47083409267500315 0.7800507344942095 
0.053580061245699334 0.998998730258376 
0.15902411327080468 0.9764979413728705 
0.6702739815286194 0.5526223279306154 
0.9352144747427857 0.12848939479484073 
0.5333715488988926 0.7171007071659141 
0.7662484828865856 0.41519204868560494 
0.9080059462464578 0.1825303143918704 
0.2329802676322221 0.947515610793028 
0.9555737970052849 0.08976558574928803 
0.7766308633307162 0.3996051441923523 
0.7591342114853574 0.42805478592975166 
0.8179927391400865 0.333775670829452 
0.9634323199535852 0.07467512770457 
0.8719828411055435 0.24206589715256488 
0.29709955697632257 0.9133125614870649 
0.28294791646786105 0.9214427816571734 
0.31983815507886293 0.8991142912647534 
0.8652050489562784 0.25416267569807016 
0.942846868896827 0.11393526589563188 
0.740508750645128 0.45376794932782344 
0.4165608960263386 0.8285806587692333 
0.585216721150402 0.6599639913985843 
0.18918238052526506 0.9662438171329776 
0.8789746477703213 0.22963152796752564 
0.45005926572588795 0.7998699476030476 
0.9999780462596639 0.003949910821451099 
0.6471103066321733 0.5835861132191814 
0.4604937135086106 0.7899549334625363 
0.5122758216636094 0.7400929111136612 
0.7969544812502187 0.36707666547237455 
0.02566832977593489 1.000899422701259 
0.24634830687958756 0.9414895143683605 
0.9509191158836237 0.09989947071481135 
0.13048346719237902 0.9848055347135741 
0.7856832803260617 0.3847779831213746 
0.6976782686688724 0.5260919595639965 
0.9132282236788816 0.1687909119411318 
0.041827352877078616 1.0004115039155035 
0.544912813639495 0.704793835898415 
0.3799384203863752 0.8572169483686554 
0.219675066021221 0.9535332682654428 
0.5754977496312156 0.6718563104869298 
0.14565065319485115 0.9806364730352098 
0.749933409876234 0.4403487787962568 
0.17326331137205614 0.972146675162647 
0.8459830288877848 0.2875877822816243 
0.4393714054619429 0.8100285485244778 
0.6800423096731433 0.5412405654733217 
