0.1613357909138922 0.9759124526682449 
0.43724985250728987 0.8111702454724303 
0.568224600760604 0.6793712813348709 
0.5029228854401137 0.7496993338337448 
0.11934270136970332 0.9895847698218405 
0.37288583823365423 0.8625931613725841 
0.7740110627683114 0.40468927157072226 
0.6079515977797914 0.6330579460922995 
0.2607061949158035 0.933965221333485 
0.28320629339283265 0.921068829769628 
0.3473003291193484 0.8822903963131986 
0.8074639931946259 0.3497158562462797 
0.9878001282632898 0.026566793522227367 
0.3611065485594955 0.8730212083565279 
0.4152147073778765 0.8287580362727038 
0.8631348267630247 0.25862265805616375 
0.9822188842482911 0.03972402037074457 
0.14772361504738074 0.9797904989824308 
0.6287834483503545 0.6120734411621501 
0.7858357718201303 0.3864933718753161 
0.7979488774279434 0.36593709275290986 
0.050380977526562926 0.9988837304839069 
0.3275989634892594 0.8942572293498534 
0.44728970345715796 0.8025268425435877 
0.8480120902897547 0.28460249632157447 
0.5595240520521453 0.6906101773353726 
0.013422130576238256 1.0014387492882388 
0.3041838076450411 0.9092318705067027 
0.7450968799005572 0.44820318905438356 
0.9996267566497533 0.003647549283669741 
0.23220008914528517 0.9483040605085408 
0.2045149120980124 0.9600259617501868 
0.9568151921542695 0.08765119757992557 
0.8391674980084657 0.2990577287900832 
0.6547535789523038 0.5739646269398054 
0.5407226618501377 0.7103309896922223 
0.7535580106640725 0.4345453695938817 
0.9497893313461429 0.10119762418672075 
0.7669080107671684 0.41474458917192153 
0.8145988853067974 0.33977080375451957 
0.17440563973902964 0.9722508282968718 
0.4046631805726863 0.838623895232134 
0.8991283460097566 0.19393850639058594 
0.7339430324541684 0.46405079148885325 
0.8313573809532434 0.31188218062961925 
0.9758664097892629 0.05086941917458866 
0.31564081053329435 0.9036277854036285 
0.07966664894654468 0.9958529841553598 
0.03737100200505014 1.0009038243427577 
0.9957786653635027 0.016476888319563426 
0.6709161000124615 0.5533895147092787 
0.49311532058567 0.7586140043662873 
0.9332027041602291 0.1320990078603396 
0.5981843004575313 0.6441686079596063 
0.9698996268054751 0.061948773372235595 
0.472478262474746 0.7792492504289193 
0.6427917762471991 0.5892444369813704 
0.4829380817158898 0.7708792442664287 
0.2460068604442788 0.9413050028935964 
0.4590716123533899 0.7909030663713448 
0.10633484974058935 0.9902623303591737 
0.69891276575477 0.513601270519566 
0.6806438463447846 0.5397802228753185 
0.5487648202133134 0.7013848852563511 
0.9613322625769732 0.07893317524320327 
0.9201105424808949 0.15736729667005137 
0.42756219319636696 0.8198861999502169 
0.617078586555644 0.6222080820246995 
0.9128369885811565 0.17060533372658362 
0.9061789951269122 0.18216765348086242 
0.7152042586902511 0.49170153737849887 
0.9270747952249033 0.1443657728305132 
0.6889587243299017 0.5280061009351604 
0.5307120606102221 0.721799083472175 
0.6613734307832138 0.565025633168165 
0.0929681157181001 0.9935327170826799 
0.2718328877519109 0.927712919178267 
0.875912390281225 0.23655092800180255 
0.8698152880318512 0.24689674210886742 
0.5787760587100621 0.6693774391205104 
0.13298851087976882 0.9838281802000252 
0.5108889053033979 0.741782413523863 
0.8236340970394931 0.325114365009054 
0.9392256474711793 0.1209967291357916 
0.7264232148559892 0.4755364869547118 
0.8924831082776051 0.20660714460514207 
0.381505927554047 0.8567864026886437 
0.8562581495517554 0.26889031356572324 
0.7068239212636424 0.5050999838573015 
0.06398423776427278 0.9974564920596207 
1.1020002345602386E-15 1.0020837054936589 
0.22116912827502982 0.9531615939784133 
0.7596670940714674 0.42656921993275354 
0.2960747365335443 0.9146695737476896 
0.5881493885637616 0.6568285391187233 
0.18741412588078155 0.9669087598445879 
0.8845573447373947 0.22166399619445465 
0.39289901863316 0.8476965531722255 
0.6355504971521906 0.5980723707335411 
0.5218693863921721 0.7301938687997095 
