0.35921733879976403 0.8724859630177104 
0.9757599080287693 0.05064560425640797 
0.9087048057800526 0.17861566838709192 
0.7537103499903864 0.4362326780378508 
0.9144821172863472 0.1660859032922356 
0.7194813756033357 0.4849149543690277 
0.7759687198024782 0.3997983966495318 
0.26973246179490035 0.9286103997773143 
0.5826426754738921 0.6631689852439816 
0.9391637244968541 0.12146812760956233 
0.6215184265483683 0.6161339776056488 
0.8038756227430361 0.357438905970645 
0.6026895962042659 0.6390179368961784 
0.6705740564036224 0.5524620789579398 
0.7461976323999363 0.44523059098079315 
0.6801032094488667 0.5402711974134151 
0.9507062652381049 0.10098780130769856 
0.2956920843063628 0.9141871291846305 
0.6893645190574601 0.5266360110307754 
0.1811555147123436 0.9688220497044805 
0.5627039275935737 0.6853882444562859 
0.4548257137634884 0.7952938351769969 
0.7129038164002579 0.4943372040876578 
0.3911291661932357 0.8497378735769421 
0.9447767668592102 0.11153639388600431 
0.5417004590171682 0.708811483046102 
0.9327167285699295 0.13288575423005622 
0.8942938759217347 0.20353914768158912 
0.32354512540755237 0.896597381883043 
0.5040741633646342 0.7478965013537506 
0.1676998589351824 0.9737843446688861 
0.5139435503602193 0.7380333507494197 
0.6308722669344353 0.6032339010436802 
0.7287654230331125 0.4711906703835593 
0.8490989193889453 0.2818284267494855 
0.8738208097091598 0.23843202482939474 
0.7695055618395723 0.4107247601291392 
0.4754987753614953 0.7759000587587702 
0.6997118422055585 0.5134641276588806 
0.8806523347539763 0.22731047962226372 
0.19098318424703942 0.9654377663373892 
0.44096627148051915 0.8077378182008661 
0.6118290393136869 0.6273171560637795 
0.9831388769277906 0.03607020126916376 
0.3354464399559842 0.889166011748025 
0.8261832770699977 0.3200260540533715 
0.28433188789097646 0.9207666047759833 
0.09708106085539286 0.9920654361806138 
0.9575314000245634 0.08642141330153287 
0.03604773036450598 0.9998311968921929 
0.25620856067694264 0.9361652583754693 
0.31383980406161766 0.9032205456627969 
0.9007259327676717 0.19134068398723375 
0.5489762910002588 0.7011300252955677 
0.6521251821058747 0.5763623063777145 
0.8646427381568962 0.25505892093419585 
0.0682105724495668 0.996695976509344 
0.927320941346726 0.14308338653951053 
0.05157879732211734 0.9986945870538582 
0.8574380901579587 0.2677622829617678 
0.42736045233618125 0.8194701646323497 
0.5345823219934558 0.7163835695586538 
0.34745384218745756 0.8804349260679004 
0.49559300020230324 0.7561869710225989 
0.15296882664708605 0.9779573815902414 
0.9639643795496984 0.07410583338628751 
0.23100048372048454 0.9485010859157796 
0.4149794455280832 0.8302882399844042 
0.40143095896603975 0.8408015961417276 
0.3808283685733381 0.8569767846444075 
0.4676098171722807 0.783700946712748 
0.7617399835250587 0.4221891725306852 
0.5723318413102156 0.6741121498280573 
0.9925580091222208 0.019502425305121498 
0.5936952773195142 0.6500685369067848 
0.920215143923651 0.15623838901641526 
0.36964504761352357 0.8651235582850674 
0.2434705755361916 0.9418087445952706 
0.6404700627795257 0.5917290467862022 
0.2039133411383428 0.9593933352129184 
0.11387194392153799 0.9883904755886669 
0.13194082504092086 0.9839702390952824 
0.8185569811167206 0.3327336016508908 
0.9684453975476424 0.06412219082280547 
0.7858552003963363 0.384991796101011 
0.8419113648902512 0.29354724297410545 
0.7945070438508576 0.37084976236837575 
0.21746999321659585 0.9537773757170798 
0.01924575006345619 1.0009961053022267 
2.274331730601623E-11 1.0018567170420338 
0.5230589045958824 0.727971351984968 
0.7379853452979446 0.45733234457325517 
0.8873815161261853 0.21602079870587867 
0.0859056437200515 0.9942427016462526 
0.706597408142776 0.5037255408634532 
0.6616895562448271 0.5640983949369062 
0.8108547942324822 0.3458997788296062 
0.8334464571285974 0.3077436965843696 
0.9996979496492633 0.004966079640464495 
0.486950010834161 0.7653211145287242 
