0.12701310508559643 0.9851021128602406 
0.7156508362311237 0.4897482200329563 
0.9998841026411736 0.002662679693965101 
0.49398137629650385 0.7573650377986562 
0.7479362812857545 0.443406211936162 
0.68603554360871 0.531114784432513 
0.5547384364321445 0.6942647719610217 
0.7025538190901517 0.5089514235927924 
0.8531886170812638 0.274026334098596 
0.47334980563425344 0.7774526291765217 
0.7777238654948447 0.3971714596893678 
0.6135377474974151 0.6264300111054051 
0.3754733586560445 0.8603786032275569 
0.2992978729462859 0.9120198574294499 
0.4652055432709251 0.7853307348858175 
0.9337583207355273 0.13093206466364343 
0.9172459682688243 0.16202271854386702 
0.9741334511189746 0.05287915474497229 
0.9119324050936967 0.170095157896661 
0.14346241590820424 0.9804035778936181 
0.5730408034986377 0.6730822816717623 
0.7610380268517787 0.4234181044511685 
0.9807673040028906 0.042856612398568326 
0.26189940369855563 0.9333001022778434 
0.8946159217824448 0.20196503275571737 
0.8780339782391207 0.23106358732558696 
0.785503718578749 0.3849212410609919 
0.8163410048237487 0.336230008074049 
0.6567450789228743 0.5708386116866623 
0.7920287049431736 0.374218699661177 
0.42502318537884576 0.8208914913079259 
0.6114240285253356 0.6400251222001547 
0.07877048207742754 0.9951093564710713 
0.27587440053942613 0.9252957468832897 
0.9503847406173984 0.09897856607119053 
0.507977242231715 0.7438880355376662 
0.6934225368750224 0.5212746801094592 
0.9682421344000385 0.06474842850065583 
0.5452320637341809 0.7042827467840307 
0.5171340431975658 0.7343443934695045 
0.8371781709205111 0.30193640961673157 
0.8455851112537972 0.2874018365303394 
0.7094369794093354 0.49881643487389965 
0.9865878308274231 0.02910075004450054 
0.9252046556492635 0.14713780322648962 
0.5270663489789751 0.7236044597704459 
0.8092420246641626 0.3498881784616968 
0.11069591662030195 0.9891243823335274 
0.44773023407827084 0.8017155926026747 
0.32395824723209155 0.8969220501053675 
0.43346141295841784 0.8160657350837298 
0.20719600369232855 0.9582998210952073 
0.9628072564676444 0.07621606694088114 
1.5013904391874652E-14 1.0014565887521516 
0.8882615829481257 0.2137420279239055 
0.41304005649230113 0.8311677406064127 
0.5874164944974636 0.6571341454304235 
0.21911606506918735 0.9538754795776494 
0.8233579825483314 0.3246252604362867 
0.24609108622156184 0.9410139591088126 
0.4021399867113151 0.8396410255477301 
0.7214745424656636 0.48175610235692357 
0.2863341225699836 0.9195265652140543 
0.8304087943242918 0.31293470917122973 
0.5373222464209956 0.7131480845326862 
0.3496337761509709 0.8790648913445838 
0.17357070799294075 0.9710256023996184 
0.36226003799112194 0.8701136373300143 
0.639930608688022 0.5924789526721322 
0.5608993770075354 0.6866513638749873 
0.33736724979620614 0.887811815755768 
0.94247773565351 0.11534417489230049 
0.600348686105154 0.6415090868515234 
0.18380432770485994 0.967460077842166 
0.860920652345645 0.26135816164206727 
0.06835967561672794 0.9970779745856809 
0.7539506492843708 0.43382694866168814 
0.769366185663919 0.41003589536448765 
0.7388936635406642 0.45611444168271775 
0.48283025131370744 0.769737716618297 
0.03555942361317521 1.0000599563494885 
0.02201847368065002 1.0010014966331457 
0.19524458815169077 0.9632665347559274 
0.9040466642598882 0.1856084391357793 
0.6655550041026549 0.5587162589432503 
0.6760010623886102 0.5452096266742437 
0.9916173420798451 0.019510327784571513 
0.7305950417365319 0.46876544003743076 
0.6485218320630859 0.5811441193972022 
0.3115931187852567 0.904583272642939 
0.8686891187317878 0.24748782625925983 
0.6316404548892792 0.6028081475158823 
0.38856276587936495 0.850736212905777 
0.623465370321222 0.6133627056635377 
0.09252156722417354 0.9927729844235769 
0.15981362164685725 0.9758189208419736 
0.23209443587696071 0.9478366491891532 
0.8005458015385318 0.3620892785517671 
0.4586668614466813 0.7915758738602449 
0.05346700563031709 0.9984457971737553 
