0.7917802320744715 0.37596623146934155 
0.6714349068660382 0.551981143350586 
0.3699589857655454 0.8649090759048768 
0.9841183772432555 0.03567816555228713 
0.5067723936654565 0.7459776501115671 
0.9128064715614501 0.1706900152293153 
0.32695786334479593 0.8950315499246547 
0.7025986681250582 0.5103367770366036 
0.019949692114148432 1.0017041456681177 
0.7263890690596936 0.47462533017811537 
0.12022156129174127 0.9873820126505995 
0.5605401330932104 0.688750753765658 
0.3816873130733826 0.856847263557979 
0.4353868509799383 0.8135819384547459 
0.7857203161064925 0.38609895943591416 
0.686603898941811 0.5313343956519094 
0.15004938752122693 0.9792170183704563 
0.819040870882485 0.33291500637854293 
0.9575938476529977 0.08633215160596192 
0.03467222861861974 1.0009232942810065 
0.09178174113071685 0.9934814505915158 
0.6494715271138549 0.5808337847420952 
0.16679409045234161 0.9744739891318608 
0.9286666950138472 0.14080199245061334 
0.0521239629639062 0.99900492951089 
0.943103196715515 0.11499775309785097 
0.7106769425908441 0.5001263949782313 
0.7707159392158376 0.40840008092272184 
0.935972932315509 0.12803415112532565 
0.3463255360216997 0.8819724212428887 
0.31501182219977525 0.9024942136005536 
0.5969936110802442 0.6457026439753984 
0.7188833554069561 0.4854664059664733 
0.25036697486252973 0.9390904702815952 
0.8508791040855131 0.2793279475292119 
0.33631481257270657 0.888953422556146 
0.3608663677392286 0.8724668729159 
0.40927289681760026 0.8346483278323802 
0.5182129848368182 0.7342902681789759 
0.5256991315181943 0.7258830263028508 
0.2628974349520809 0.932673167730231 
0.4452314393051568 0.8038195326695413 
0.5409673795641097 0.7100017016958335 
0.301331915488439 0.9113040506801577 
0.6781835911309655 0.5428900815222905 
0.5785871431558519 0.6678068168911722 
0.9903802679752198 0.023172891708837365 
0.6057338575534804 0.635399791537471 
0.6930104181393363 0.5230417338872357 
0.9501104346046422 0.10169912455511905 
0.10920591606358443 0.9906860973796997 
0.8256029514705914 0.321757057271603 
0.3932676002462113 0.8473750589929332 
0.8755949591566304 0.23618366777214206 
0.4795259945173155 0.7722185785339893 
0.7366558569822338 0.4605032303080304 
0.8990363732492003 0.1957336236205135 
0.2728513045114048 0.9271680686001148 
0.8018967612315561 0.359491260434828 
0.6147653644443514 0.6245356031408447 
0.6638299843109683 0.5622830524752402 
0.9778469404165328 0.04778204248037838 
0.4580041332838832 0.7922304162023585 
0.6405591903990069 0.5925822748783457 
0.7820335621049205 0.39668719618432235 
0.4694992237561495 0.781468344040481 
0.13546880251521898 0.9833520851206388 
0.06282126574955194 0.998497146424531 
0.5517689488180912 0.699238884081106 
0.4230773960928952 0.8248340515815307 
0.19539294867108564 0.9636685113617852 
0.6247276374090946 0.6146964080339564 
0.22226237378311742 0.952503645588733 
0.970725930291859 0.06095070431988371 
0.4969776656095018 0.7557182471074023 
0.8912214796204698 0.20924233278150955 
0.4875876285491954 0.7639984116350934 
0.5329371295301527 0.7182934939688956 
0.0767779506858437 0.9959994175813535 
0.7563443984506242 0.43165996716518135 
0.23777066113405876 0.9462316487590358 
0.9633285013917391 0.07651903257565608 
0.9215330241654002 0.15731105463556067 
0.837430972236594 0.3015409142046293 
0.90595282936555 0.18312940986308926 
0.8830277784976924 0.223340916171852 
0.5875234029477302 0.6584806291025769 
0.5693263978875334 0.6786408799866276 
0.28524900082224836 0.9204633700311832 
0.8681119591375447 0.25035642067774466 
0.6558690514873106 0.5726857556864993 
0.7471263125265579 0.44446347221877136 
1.1562198447610948E-15 1.00191546425512 
0.8107455432805956 0.3458517837413649 
0.7625841021352299 0.42137969877719555 
0.6323495079022641 0.6029882219473628 
0.20653401137720195 0.9590437716137235 
0.9991091546583051 0.005746035282129117 
0.18324475684730368 0.9680924311785731 
0.8603504748278926 0.2644697762566544 
