0.26554900360848366 0.9313712365404451 
0.9012139381289354 0.1909806210516945 
0.6547871691067317 0.5734088569742946 
0.9524277880375523 0.09707279924903922 
0.8040913289065017 0.355216749727316 
0.7886084703620324 0.38112392472462564 
3.003858889787438E-14 1.0015228890820749 
0.8381934535743247 0.30226235197963613 
0.3773610305339157 0.8599301871527631 
0.5117144887500796 0.7407869169278094 
0.9231776429823335 0.15039530316783614 
0.3864391874393582 0.8522658587380668 
0.6990172135600411 0.5130769851109059 
0.11084676477512331 0.9889328417739155 
0.24038415796994594 0.9436621016289538 
0.8283665025811989 0.3155181336894507 
0.9083085577183768 0.17796940041119855 
0.6160768920009544 0.6226567007208605 
0.6910643933413444 0.5246330454453373 
0.12870376730567595 0.9850036099196847 
0.8779304498782226 0.2315877830732234 
0.7160983622653686 0.49044345165336134 
0.25267039225439586 0.9374384571138961 
0.21419956302607224 0.9558352083897814 
0.03285988326370337 1.000607397898414 
0.16977369985110138 0.9732833991990335 
0.7229350487019293 0.4801390653917021 
0.3419393006471435 0.8850866316347941 
0.8942729034512785 0.20365139024347184 
0.2764561362379193 0.924913352457923 
0.6652677516577351 0.5606474680148104 
0.3292347245690934 0.8938977608984819 
0.5934958218029485 0.6499288155426562 
0.6025682167696008 0.6391269255421056 
0.781623696935137 0.3910684556445219 
0.01383936018784962 1.0008156411903986 
0.8561297119732982 0.2704871088592793 
0.5551995816418714 0.6946501405161591 
0.4244220649159222 0.8219902773140635 
0.6830701257828291 0.5349326901766431 
0.5215965743431384 0.7301402274966307 
0.9281065191193929 0.14161275677333945 
0.8472845951469989 0.2842807810068903 
0.4934733724138597 0.7581938199296528 
0.20047444838665388 0.9611829034284612 
0.41231466947583917 0.8314491604647058 
0.7392891055707209 0.45587506854721727 
0.9427839985673041 0.11356858060475525 
0.08132941383583579 0.995102256834326 
0.5314118064101098 0.7193925142233172 
0.9640259174081319 0.07312548197252873 
0.502721724469422 0.7492140227563175 
0.7481123461399621 0.44257424552800495 
0.2907918747671008 0.9170122137246307 
0.46859001991477534 0.7833218391526815 
0.9895230314243086 0.024288672122672036 
0.9804646107209934 0.04140043848231845 
0.35274345167842336 0.8771151329576363 
0.9346394849032877 0.13067325009872985 
0.18330296051018727 0.9680269023157432 
0.706840494819637 0.5030687590442792 
0.5842356659843689 0.660059286314139 
0.7981769682855469 0.36467763529488095 
0.6746050045614942 0.5469383238935218 
0.6226729753670629 0.6142811812738108 
0.14169196488037333 0.9818346196085808 
0.7667739349133992 0.41455957640462504 
0.9999996684197345 0.003988130134542516 
0.47661740393602525 0.7750613594338878 
0.39780260686967 0.8439400015324996 
0.7761468036772785 0.4006348426224409 
0.4357082740096059 0.8120660678338577 
0.31928762501128316 0.9004121781705432 
0.9713997405263063 0.05952108165477595 
0.5424132085518761 0.7074752179715694 
0.22984352986014106 0.9494383233164758 
0.9591999698106872 0.0833051886462508 
0.5758307188037293 0.6700492962994872 
0.6459015311578824 0.5852610205202305 
0.8220102560158974 0.32676532501936567 
0.9166454696093731 0.16616387537821536 
0.885485793102752 0.21787399857321382 
0.3652412684430478 0.8682972857828817 
0.48355608256822197 0.7680719886964277 
0.6383594174646884 0.5947020511880423 
0.8638920146497484 0.25671758793267907 
0.7295710089698813 0.4702549903009167 
0.81516364247166 0.3386718309560389 
0.6088227658352942 0.6307846843592112 
0.15627168645402034 0.9770998576867724 
0.4463176763219818 0.8024415220625327 
0.7582745740648092 0.42798509410645347 
0.09565597160184053 0.9922870320617583 
0.870575364676998 0.244310532782637 
0.3047717889338305 0.9085583926839177 
0.04981732626668585 0.998788810275691 
0.06519316376946038 0.9974620945097223 
0.6306288018980082 0.6038369523572527 
0.5668596182154358 0.6805804812673998 
0.45956837045525156 0.7918708977613862 
