0.11729129989057274 0.9874112175253117 
0.1471477068297656 0.9798534298698305 
0.5225530125189737 0.7287600514520312 
0.04639520630934141 0.9990366667854068 
0.4075144636537769 0.8357180692314546 
0.6173042793086126 0.6211231633988054 
0.7668372800444364 0.41344952315737177 
0.8580747624878333 0.26782909354175144 
0.9811993637873491 0.040057889568966214 
0.2097776549705525 0.9574023587044602 
0.5919668408685856 0.6510669315048117 
0.8486529465112438 0.28164547559004793 
0.28125853218305535 0.9224927888903984 
0.8303838734151017 0.31246403073103296 
0.2909057188528106 0.9171938235471717 
0.36889569142478285 0.8652715814295405 
0.01946052150921518 1.000952647473378 
0.784149600499837 0.38762250904137796 
0.6647208834210043 0.560165232951058 
0.05857091283574656 0.9977695492872031 
0.7290538886538311 0.470234727530343 
0.8101965119934454 0.34631013814984074 
0.464771508183301 0.7856198438102108 
0.913551192869682 0.16863252683409136 
0.17695327172222416 0.9701060290435652 
0.1041325391803894 0.9911408243874916 
0.3806967051534907 0.8564518782793558 
0.394052203545464 0.8476421667467482 
0.8837591579786629 0.22065728886002256 
0.9886697680710821 0.024336886834182968 
0.42786909723006317 0.8188060657651126 
0.8647583979338804 0.25531453568921164 
0.24148941533981014 0.9439509633018413 
0.3058347878950434 0.9080145926301718 
0.8737162668463763 0.2388780461416852 
0.6733380133975106 0.5484958602531829 
0.7095763375201889 0.49847682266428495 
0.6963185339266734 0.5180296358578527 
0.22668390681750747 0.9496307555700435 
0.4554705110021241 0.7948925257238245 
0.8961496790787218 0.19856935123399408 
0.6329943981510762 0.6016069493878666 
0.030245710934663217 1.0001677615242115 
0.5498367830069456 0.6995143792832671 
0.4176138694974174 0.827575112613249 
0.774752448532009 0.402019620255544 
0.9053169854427368 0.18287796669965262 
0.6574108569977009 0.5695870036667253 
0.8182110876064645 0.33378780250342993 
0.9395094048661687 0.11879957221882613 
0.8247881236292999 0.323735066735108 
0.25319590610772813 0.9372397040883079 
0.7027747442837275 0.5077139443010994 
0.7164394671388934 0.48838032629962874 
0.6015840143074804 0.6401367309219315 
0.33576828555886284 0.8883920732626224 
0.7454195900337837 0.44667605830755913 
0.9662531040892166 0.06934011163583231 
0.9586457527203147 0.08397076405179259 
0.4376683982747698 0.8097521654428321 
0.6881300391590139 0.5284657926938179 
0.9741366144882051 0.053802565653492576 
0.9533814910238401 0.09692954777274077 
0.1318108079011185 0.9843070088345227 
0.16175823504942405 0.9750980877221478 
0.35219836761716017 0.876983132532273 
0.6815964353236246 0.5384038598057304 
0.6255119140160752 0.6120330082135916 
0.9322041474355894 0.1372810213860801 
0.7940305627100026 0.3713061496171217 
0.08699032841524476 0.993655206331574 
0.8359024430470912 0.303852758119351 
0.7357481999944814 0.4611424406715989 
0.32337820932549055 0.8964622589936188 
0.0 1.0017317242784227 
0.07633233559935143 0.9961562240691996 
0.7239241267776184 0.47930087733598936 
0.5715465475305632 0.6759060072758746 
0.5614639863731977 0.6867936717871898 
0.7519992869618051 0.4367534433010206 
0.8038394865742766 0.35655195018743413 
0.5009725774409814 0.749976551537275 
0.6082661986309401 0.6318961192799354 
0.9449780070987673 0.10876310582756929 
0.7592064644526931 0.4253145370182033 
0.1905171674745326 0.965675011311818 
0.533754695982567 0.7170659662465009 
0.26641623863431174 0.930730236294841 
0.49221882676337647 0.7587895171592908 
0.6419894747103312 0.5906909718481744 
0.5117283300537422 0.7401863927788941 
0.583889333592662 0.6616910817821817 
0.4837137950028411 0.7676655891690496 
0.44605809405459473 0.8031037446870652 
0.9207880026399062 0.15520326300695475 
0.8418643414119268 0.29373392503742113 
0.9945851982044915 0.014434187394829072 
0.4755362517211015 0.7764206722917526 
0.6497059697054036 0.5802634943874672 
0.31453633409667153 0.9027116941690443 
