0.9844113410846268 0.033571122427275925 
0.15403710162792522 0.9775728605526012 
0.16706638635888552 0.9736290961225141 
0.9631717853517515 0.07535351072383785 
0.399760472207665 0.8418202677757258 
0.32324258976268 0.8972695412360763 
0.7510227524880208 0.4393078792996684 
0.676678170507941 0.5439060071908088 
0.2625109710097099 0.9324934233230036 
0.6018403826865671 0.6397343336804758 
0.8760140041998357 0.23521704929603385 
0.6349889206844496 0.5988538838512464 
0.9312845080565343 0.13509600555301932 
0.7434510834835587 0.449188194164399 
0.3123163523682391 0.904009049494668 
0.5523724231822111 0.6971614970591411 
0.2751533075499687 0.9262688339012599 
0.5916553557109301 0.6519238223374633 
0.1234781099744231 0.9867429273529681 
0.3874302094421373 0.8515340664629749 
0.7106133296023549 0.49751276814167616 
0.4081201512166959 0.8352240765604143 
0.7928412022531577 0.3734110792117053 
0.300328260485611 0.9117876299920056 
0.6920652620990352 0.5227038892681894 
0.8597066793924139 0.26308902978290516 
0.6993516912953612 0.5134719510329041 
0.9507706005557947 0.09839829629720886 
0.8199422063762947 0.3303798676158059 
0.5795976294698695 0.665967034776809 
0.470458473181021 0.7816497501028823 
0.33652613662021746 0.8883626787566637 
0.7179692669932501 0.48681172983362775 
0.6274481713988072 0.6090016068574458 
0.9707106216471421 0.060651405944744406 
0.7729689922543264 0.40463586408176566 
0.4798578387996688 0.771452718104958 
0.7583224975114953 0.42810753212190833 
0.0682641024519689 0.9967544421445468 
0.727166265895487 0.4730290303624614 
0.9136649000390001 0.1679721044468349 
0.9461313830280873 0.11043720863984062 
0.806292993005055 0.35248663784872264 
0.20764851578848637 0.9584004946309158 
0.6115969272878791 0.62892142929783 
0.28904984428526154 0.9185733957560993 
0.22063663701189096 0.9527537608228317 
0.1840734960356888 0.9678631760783372 
0.19660511521030588 0.9631532690754508 
0.8148216526749058 0.33839987288294654 
0.6195650817078979 0.6177712544422289 
0.5597181872222052 0.6887724085041257 
0.9915720942303092 0.019263229692959224 
0.8447069979518074 0.28909805092919877 
0.43408083131201514 0.8130957927734817 
0.49542903986959763 0.7563815134721039 
0.652527172463932 0.5769754260554546 
0.9777692611389524 0.045682466266317945 
0.5249957473335501 0.7261379283336766 
0.2329848778876998 0.9473547829803161 
0.5026438470880836 0.7491185866073253 
0.48807859486999117 0.763337819488517 
0.9995821581191191 0.0037172228520824554 
0.8865298778467608 0.21832268324751725 
0.4457605952906697 0.8030175579710199 
0.08872770410754605 0.9933751050538487 
0.7366004718247791 0.4603476408695051 
0.0483165624796959 0.9989417859818834 
0.5128701945086102 0.7386573695628759 
0.5697360575042159 0.6778078021603381 
0.7990414606311772 0.3638098633824905 
0.8383666372147818 0.2997824756935577 
0.956198292579413 0.08832242467366919 
0.8954164719578475 0.20118505434227843 
0.66852880189934 0.555230554615345 
0.6602999004363362 0.5658530123355306 
0.8672462633772908 0.2510955514420011 
0.2471932976179398 0.9425822023964076 
0.10796126395294568 0.9895101216180698 
0.13935700893958047 0.9817301664964855 
0.02840617346491009 1.000632124806965 
0.6856469626187657 0.5326457836983491 
0.7658153800925314 0.415884193327597 
0.9232731922812387 0.15095976978675574 
0.01220541176328127 1.0007980974453625 
0.3638191333826642 0.8694214761193062 
0.34821457618726065 0.8804116189743211 
0.8563943909333487 0.2767984485443852 
0.7805877962561393 0.3932917815337342 
0.37551262114393347 0.860736903400072 
0.9386964231467019 0.12080081988488442 
0.9035337496743806 0.18611522975355002 
0.6438404585793298 0.5876106479313785 
0.5333920959316804 0.7173974700604575 
2.746118383589023E-17 1.0013427438395077 
0.42302608201680003 0.8226370163377924 
0.4581814191155894 0.7921173593586961 
0.7866019659405511 0.3835430686360042 
0.5453946824864887 0.7047851863225093 
0.830716455681604 0.31263074666824925 
