0.30273755277397124 0.9098553360562911 
0.781995619109564 0.39058296557297184 
0.8827581186049052 0.22260742346169138 
0.38064837550888764 0.8566861851828149 
0.7288205116208876 0.47095110775843424 
0.23789083382740123 0.9444246776224693 
0.348141463928229 0.879974646558766 
0.9750323975115662 0.052253111599277785 
0.12159137164281666 0.9865424205267803 
0.2045646650758961 0.9592620872512514 
0.4656244804052764 0.7849820373888509 
0.1882934203748638 0.9667155673191523 
0.5719548689339891 0.6744155050812646 
0.7063636131528355 0.5027239772679579 
0.47495402441113965 0.7758326438067713 
0.594803421353518 0.6486711044195814 
0.483797814905844 0.7675699972393082 
0.29219370310031134 0.916027563958769 
0.06476676525969208 0.9968123088757264 
0.5484717019761078 0.7009104601531648 
0.33534566873427385 0.8886313477542156 
0.8982895474050276 0.19621514603082843 
0.7406162212159869 0.4547923331945369 
0.6228380305784583 0.614315579820069 
0.6575634391747508 0.5698917600498452 
0.4543077710617689 0.7950878086018138 
0.3629232896800454 0.8703854114092001 
0.8699036126053311 0.24577942364474764 
0.8759349279945934 0.2344451035997882 
0.04950656039491935 0.9986651131512067 
0.9380264417041488 0.12278495397415758 
0.9209662167985517 0.15465787948941248 
0.8003368629421908 0.36109990889984483 
0.834857590125156 0.3047269799526174 
0.09217676856503816 0.9923148371753471 
0.2653109414714286 0.9314021910028334 
0.9879072193331863 0.026356818393142988 
0.513829213296618 0.7375204691975012 
0.5226391844617313 0.7289459897921415 
0.4360283783540567 0.8108273466332284 
0.826059482947914 0.3203800836412156 
0.8619202166501396 0.25893960916786773 
0.8423660498832841 0.2924619823778423 
0.537328056162619 0.7129428033443806 
0.9998337033916513 0.0030973982717768214 
0.6780388436263726 0.5418441703138226 
1.657444495409264E-11 1.00146702675056 
0.49379512706476153 0.757799437873713 
0.17105739677639492 0.9723163377900176 
0.07880907643225618 0.9951898882378466 
0.41872973891415644 0.825809307473844 
0.9050465378938236 0.1832745191975192 
0.5626901915788701 0.684606088593252 
0.503665969332663 0.7479280385009996 
0.7577384973480032 0.42789509739060605 
0.10200904489476553 0.9907292791625307 
0.4462844375734082 0.8022269377759148 
0.13826152780389156 0.9819020730189488 
0.7745412933887009 0.40162766264913624 
0.6464718357883765 0.5838060488900837 
0.40770917710476534 0.8347409956956144 
0.3708122362856594 0.8638758606582622 
0.7501766190720821 0.4399679628955046 
0.5854335909036825 0.6598623491843216 
0.631465826023519 0.6023063819646881 
0.6979882749165434 0.5146237316185406 
0.8085104081841732 0.34818820940250444 
0.8476154763238568 0.28363146611145273 
0.9940906956120689 0.01440565827208345 
0.5555046946361009 0.6931061290376622 
0.9445449102704724 0.11259194979893908 
0.8539221591714288 0.27404708097368824 
0.6388316241700389 0.5933784006276621 
0.8169131060032918 0.335097611961758 
0.2238391154181678 0.9527671958022205 
0.6129805825792626 0.6291372477755773 
0.2513262242746221 0.9382116868343597 
0.7893309735934719 0.37835535856977803 
0.6032009482388087 0.6383962242300137 
0.31327250391672035 0.9036322295929461 
0.669589228181833 0.5536476198022454 
0.7948810617905901 0.36978689780319873 
0.3221783196367469 0.8973624657419177 
0.9688909759869736 0.0667542644893943 
0.033587627792157904 0.9999801710855254 
0.15457504326072583 0.9775948782370701 
0.913161790598104 0.1681847711100022 
0.6899578263156056 0.525447760806939 
0.428305400288016 0.8181197392724622 
0.9592245993906369 0.08233866067684037 
0.9820244320665044 0.03865183924612737 
0.7166238011418352 0.48809960602782254 
0.3903529519793304 0.8490451725382696 
0.3998047038324475 0.8416715867263522 
0.015991145759299163 1.0005059399467144 
0.2799370702899398 0.9234455995473975 
0.8889335209731376 0.21205729346720367 
0.9286893635825825 0.13982503836085006 
0.7676632712851235 0.41298599313102646 
0.9516607195428899 0.0970285239112834 
