0.47006484080507793 0.781259622294032 
0.8922335632325467 0.20692034908857806 
0.5260721750898811 0.724779883285753 
0.1914611622120347 0.9645815457891225 
0.2140623359939824 0.954990352441723 
0.1264717247824527 0.9853280736619326 
0.8808283274882747 0.2262856931979684 
0.7780058840584989 0.3967922757265589 
0.2507222887519402 0.9383547506541898 
0.6000752055536045 0.6414836964785785 
0.9236479736114941 0.14919907890542264 
0.7507477570466631 0.4381786178537346 
0.7103419368394184 0.49710412958433436 
0.7687168775470006 0.41081311784835006 
0.5440904309796496 0.705931921997332 
0.9888722254398097 0.024327894510657356 
0.8484810983434747 0.2817937515003206 
0.6289896853276119 0.6061008960630904 
0.9176767631813336 0.1594939096403961 
0.26265184933945585 0.9325008246539587 
0.9993043081266848 0.004031334033073127 
0.07787613863568368 0.9950518823218056 
0.6194986285148942 0.6181489173035629 
0.047249056060922334 0.9987072260677053 
0.4021429756041862 0.8394397943328332 
0.6826533074189616 0.536057739696697 
0.44816982900355173 0.8005757767757429 
0.3572211960291316 0.8738639379024791 
0.7872429151543908 0.38256428680501403 
0.6643449536577943 0.5605775532216224 
0.48132336760356276 0.7695407420014959 
0.4323650531614456 0.814275462699364 
0.23795038043709782 0.9444139887152204 
0.7430721967175967 0.45005560312778503 
0.7195760801081842 0.4839253544809369 
0.11186258179466751 0.9885250026658626 
0.5812448586439143 0.6637441358145173 
0.3169409934568387 0.9007264679548544 
0.6446776490852001 0.5859973124726122 
0.898027514844042 0.19558086157925375 
0.7348444964444265 0.4618193166640041 
0.5673293914730586 0.6795986539547295 
0.7603464085827694 0.4240491649883496 
0.7269502592459639 0.47288582756357006 
0.28384898464388747 0.9204128021059992 
0.7962527871859284 0.36737240615771405 
0.9740966079059606 0.05345888025697535 
0.29455367510964847 0.9150991639313196 
0.4929202470972745 0.7584396262353784 
0.6534046415749548 0.574522007022145 
0.9121227515680544 0.17520679943844863 
0.05835956230735889 0.9975928682225461 
0.9628770656144074 0.07582163872090056 
0.18089323913408095 0.9683246738385025 
0.09029177302002472 0.9931625898839378 
0.8176030995191668 0.33602490560594145 
0.9566483786754781 0.08775949267222848 
0.33153540195377373 0.8915427279313419 
0.8571716880885226 0.2692370132700676 
0.809950113283724 0.34564845585048826 
0.6084005658105491 0.6312810303605181 
0.5050416591730031 0.7465780843510367 
0.5354440209563721 0.7149546911322856 
0.4208887510127984 0.8240911483466574 
0.41152663263068207 0.8322754055437955 
0.6706669394132042 0.5517416459064145 
0.37049985727481927 0.8638525908700952 
0.8742022914524313 0.23751822382675677 
0.9504182740871419 0.09867239859634705 
0.5164733070687065 0.734526643127113 
0.15494331210691142 0.9772662093856053 
0.8671993589631825 0.25030844883800096 
0.9805663748020286 0.0417679078066011 
0.8026501953536946 0.3573510895328423 
0.4603987853882707 0.7895778109126111 
0.9449545737325034 0.10927481946567998 
0.1383962204924346 0.9820588813033051 
0.8411558473139031 0.29467511179198874 
0.03685057741003067 0.9996732610223212 
0.0 1.0011609933974948 
0.9388297923346411 0.12080082868837912 
0.3444241462475542 0.8826187893933594 
0.8247965361435385 0.32176620203653067 
0.7029180322325004 0.5073420121452296 
0.2747040402970952 0.9255674902362836 
0.9316209983983955 0.13407284812703096 
0.019490227440240378 1.000852238607377 
0.8321059628435682 0.3096559908746468 
0.3928219317614562 0.8472266518796429 
0.8857319613241315 0.21734526566348455 
0.3034930973496799 0.9090760629822717 
0.9696362441742221 0.06600570697187419 
0.5527609367743851 0.6960672935525601 
0.225615434603697 0.9501174162858673 
0.20291232869007747 0.9601894716404016 
0.16927495108700902 0.9722436013563625 
0.636447958247918 0.5968325564643173 
0.5917120247375353 0.65207203382024 
0.6952734470555035 0.5182875774902281 
0.3835706289069993 0.8545613057942244 
