0.5633159325593831 0.6837153130419997 
0.13110996864615315 0.9840034023266279 
0.9431623644348375 0.11313547586023007 
0.15921466095530823 0.9758673342036496 
0.9331077855254193 0.13091179457944477 
0.17200549097808487 0.9715030939678676 
0.24230418766513062 0.9422301715142125 
0.2271085922208279 0.9494159011060834 
0.36794761494374695 0.8658873989431793 
0.9698888697882267 0.06106198703228729 
0.3221129912408456 0.8975161725051997 
0.08353308554902074 0.9939933078135225 
0.7184517020031379 0.486278371086135 
0.5790237533408258 0.6660467279805358 
0.5374986190241869 0.714181960560429 
0.21082175928147412 0.9567812259657469 
0.11770430148762287 0.986848083511067 
0.6012610992697578 0.6397879670909014 
0.863223270371063 0.25683357832843684 
0.7242917415579332 0.47750156478757055 
0.5075984871296897 0.7438836884871639 
0.6105408443180318 0.6286793012223181 
0.8036606190116077 0.3553991838739994 
0.7387554765085247 0.455783640392007 
0.9990252866587748 0.004118258038944547 
0.6360997059966107 0.597029002364638 
0.6917484031860797 0.5228240721739355 
0.5204746952765524 0.7332969677352964 
0.7964419303795269 0.36731024110335214 
0.9531403170189097 0.09484234317919063 
1.603118191416169E-17 1.0007972495789492 
0.2901826849739324 0.916693175879262 
0.1802227586507108 0.96846907727121 
0.33632649680869153 0.887757755875014 
0.5454174178920865 0.7051303662409795 
0.8551018549336148 0.2706812592616662 
0.017424924843290723 1.0007652526374642 
0.2819827885023729 0.9217583324023634 
0.2541719588016496 0.9368699279841407 
0.8999274733076967 0.19290764215188327 
0.6196621418049718 0.6173901727742209 
0.3923842805110606 0.8530838141145265 
0.674140729548462 0.5473199388418649 
0.9779348427633986 0.04869023139061032 
0.8322587669209225 0.31102218783652996 
0.8476257336681581 0.28289092142445094 
0.4970434357289409 0.7540256272371828 
0.4128653697194602 0.8307188591822277 
0.19572701689327215 0.9628285524143688 
0.7876050597648145 0.38201908007364577 
0.7791844296252379 0.3942978554067669 
0.7116130036477457 0.4956922069355708 
0.7707247573258601 0.4073881616464764 
0.8715818304076867 0.24246939630638495 
0.5720032280049104 0.6744847259885971 
0.8186791590509281 0.3336332159630102 
0.3808301273839295 0.8578148819609834 
0.3542887020860299 0.8765358611403816 
0.9916468899272444 0.019107007659516725 
0.27112130045845817 0.927288636218258 
0.6257242597270551 0.6097908168698541 
0.03455694990967484 0.9996609150380239 
0.8782223789692637 0.23002163168726092 
0.7014435525721998 0.5100083083924133 
0.6530755765105378 0.5750473802733091 
0.7471419325586384 0.44358683887236694 
0.8254108040238358 0.3201138931571155 
0.47022985487838265 0.7803544704864523 
0.6643412315083072 0.5613811563427171 
0.42607345443385436 0.8198007284863892 
0.8375047379347397 0.30058311485580647 
0.9066370721174151 0.17972027484779604 
0.8856633254518698 0.21776474137406868 
0.457256177585842 0.792389360431528 
0.10088421909643186 0.9908403124242119 
0.5949862174170186 0.6475371625505563 
0.14832996180658226 0.9789958458594593 
0.8904384619774 0.20857238511430803 
0.9633923203510467 0.07394915437053938 
0.5268713811239667 0.7241039372913394 
0.6834166894002692 0.534927438161355 
0.982948261775689 0.03662964363533403 
0.4820690490979801 0.769256041209807 
0.300165079603657 0.9112554582680371 
0.8113958721492985 0.34324467960150806 
0.5531158696518691 0.695000804124015 
0.9201381405304859 0.15526196674012183 
0.6439533073473692 0.5871595483228873 
0.9270587157221055 0.14294995519635706 
0.7312210776021763 0.4670533619761231 
0.7632625470346717 0.4188612807164807 
0.06933269939863473 0.9963991374444612 
0.4044001798144039 0.8377681981031387 
0.585548083878572 0.6586917138112189 
0.3084015722936152 0.9066751259053744 
0.44119339288301945 0.8070668989550954 
0.4502968827640851 0.799011027483436 
0.7556082626452199 0.430654390224176 
0.9128683681970367 0.16850648030648738 
0.053089029275690036 0.998793764266974 
