0.08884134043387598 0.9943367515969294 
0.2869128807802005 0.9195177549087692 
0.5423542626191977 0.7094593164592192 
0.803869822192045 0.35813999708424166 
0.7368886547305682 0.4613005897855334 
0.45438677150576484 0.79650850604401 
0.8301166118882993 0.3135259914655188 
0.32464610544430733 0.8970653701213627 
0.9376639559216513 0.12550020997721034 
0.5568071529058243 0.6924778753365854 
0.7002919220619707 0.5118935293123179 
0.14502272009176315 0.9802867898894474 
0.6365699891396273 0.611659164078584 
0.8854600236576948 0.2202741459315172 
0.9630689176597801 0.07615174752358685 
0.8910322140615344 0.2106319865116276 
0.24834190748943108 0.9399472851795861 
0.30044714471756473 0.9116301122986841 
0.9558212737941745 0.08951527191224497 
0.7267060426769575 0.47330900273716986 
0.42965411192713104 0.8174471945961915 
0.8729297303528576 0.24138243546168708 
0.9676062528042414 0.06766582750560639 
0.48221857139651786 0.7708626234427002 
0.0 1.002079354944114 
0.09937925032043915 0.9924057344398521 
0.4175432870998375 0.8282311532174086 
0.5479126405712417 0.7018284191998649 
0.9191596656476906 0.15919055415242353 
0.6620007836688107 0.56439352396299 
0.5775271813253748 0.6688349383404509 
0.9509327188180059 0.10144027540876413 
0.7140619571345994 0.4933983901890152 
0.11713414746227213 0.9881111081840712 
0.0769107250014163 0.9956479856151267 
0.9812711275516988 0.03960516309406448 
0.906616733506366 0.18379901269528295 
0.5131586400110145 0.7395485171503406 
0.6366842338040009 0.5976394190459217 
0.8501791433934254 0.2819509398167878 
0.16873897298867307 0.9733816413011868 
0.706325217358653 0.5041220293511751 
0.3803181637572321 0.8572560634397437 
0.5877957622253349 0.6568384481173282 
0.8369088492274431 0.30266807053449984 
0.975653009355335 0.051931416776382314 
0.7214933335803777 0.48280592659593496 
0.6206552008620317 0.6191977274097865 
0.39321646181130454 0.8475262036044026 
0.7808941723429899 0.39370470240287375 
0.9996992379297112 0.005627144032491637 
0.9441293428089945 0.11219786835053937 
0.3588462677998979 0.8727026769895331 
0.5981016501374845 0.6442911543690871 
0.4668752500106353 0.7867703542991052 
0.044490610353144555 1.0010351028611961 
0.8231297715142463 0.32617070414712895 
0.6924741029876614 0.5232997283006435 
0.7544536226401062 0.43342620586560054 
0.9324815362035179 0.1354610924275879 
0.34546823094718065 0.8830806896282603 
0.8648658929629078 0.2569927416400536 
0.8429451045296211 0.2923503755014671 
0.3329510830412631 0.8912594492339332 
0.2142166318423926 0.9553428480937703 
0.44453258777969407 0.8054836773379929 
0.7896750555979111 0.3805553074409597 
0.9257162062752895 0.14790563426385284 
0.7732602689652202 0.4062177018377553 
0.019906113853823154 1.0013567227626556 
0.06587866282891323 0.9973656241108576 
0.2739818330643318 0.9266087587832954 
0.8564326914633695 0.2704216683532571 
0.15768881355870984 0.9780760826819201 
0.36900900317776075 0.866084675024629 
0.8797508550941422 0.23081810721116508 
0.812547356740083 0.3437825194425203 
0.18104303666725435 0.9687879422592535 
0.5648865138212823 0.6834347500909641 
0.5037101643229337 0.7500625302416316 
0.9930031561200459 0.018020284838818467 
0.8976476247306401 0.19931700210699715 
0.13250543108848944 0.9848931788918802 
0.19898215705957206 0.9621875474357537 
0.7627360245140753 0.4223354943648253 
0.6551451271737647 0.572833355873889 
0.6468086733622884 0.5826456849214836 
0.4909965836873764 0.7619048538138004 
0.7956383250216787 0.3707481319964925 
0.3162287275562844 0.902123406722175 
0.6094261986611462 0.6321555686852683 
0.9872618994975089 0.02939130746807965 
0.4052148332986778 0.83897704559634 
0.23013842372143514 0.9485918680985101 
0.6713841126042761 0.5520489502322873 
0.7448830180826913 0.44872467278827394 
0.5258077085109202 0.7258733042863845 
0.9140997599287821 0.16958410470834345 
0.26208489408651736 0.9336539693768022 
0.6815330602018219 0.5384533225102688 
