0.33666206459702086 0.8884261160546107 
0.496417553572452 0.7555174026304663 
0.40327552622403634 0.839463354734535 
0.7790317800240475 0.3953086792495573 
0.6939985817284644 0.5198419473760528 
0.06373706476350743 0.9970217003845889 
0.8012434344357271 0.36034854968778857 
0.6660938691343874 0.5582643767940403 
0.6260563914383106 0.6101242755346283 
0.1726763369050074 0.9717875106353214 
0.458889415033358 0.7910464132060091 
0.9425547791919497 0.11569189037799382 
0.6861553431499774 0.5315201223472877 
0.19261048259892477 0.9641037127774289 
0.20454913377965994 0.9598191414995982 
0.9934501545710619 0.015602191891027179 
0.5100501917164 0.7417336663593956 
0.818552686326737 0.33270816262722697 
0.8563140486877597 0.2713902847565237 
0.847514397102864 0.28413155827848 
0.3896351557544425 0.8498149373676702 
0.5652263461951541 0.68219491238006 
0.6793183379458141 0.5408331367037167 
0.04904228366895855 0.9989019682682423 
0.43465702460400396 0.8127600980908679 
0.8261237884327554 0.3201369052524321 
0.4684260745189473 0.7819358920897423 
0.8954848846773931 0.20047843041907756 
0.9995706087493463 0.0031691828941549025 
0.014777115352801351 1.0011680138417736 
0.6481969255270326 0.5825007967612995 
0.8845752204255449 0.2279220752876692 
0.8601497964678104 0.2627298395901109 
0.9184515475888869 0.15894317888216142 
0.5312052870565731 0.7195803415557468 
0.1589026475848333 0.9767524891940927 
0.30923336228582776 0.9055936152409705 
0.8093912397898686 0.34686439694456644 
0.925592737716549 0.14688952203861896 
0.4465324346538399 0.8022312771352452 
0.5199276124234714 0.7316360342656809 
0.5758034186937322 0.6704186371368013 
0.7630032240806802 0.41984844411930755 
0.7013939202942229 0.5105331177610201 
0.34856526409276334 0.8808241807492224 
0.708146143603375 0.5004801752278168 
0.3781053000013691 0.8584258791036596 
0.14443390211099832 0.9803855582402659 
0.09561032457753571 0.9920836311975514 
0.47727976472787953 0.7738494557392253 
0.7481594864187064 0.44223330919730164 
0.8341034128860145 0.30696682714030854 
0.7226646770137547 0.47997693013336956 
0.26844403833487324 0.9296966556391016 
0.8674091247627393 0.2506108384117227 
0.6355005388277759 0.5978461862083584 
0.5422118568076553 0.7085070907721325 
0.41317058735191514 0.8308290743974631 
0.7564383901036889 0.4305616273873007 
0.2920593182639142 0.9170028697675088 
0.42494289538141566 0.8210415149846357 
0.3001642723585701 0.911384004832067 
0.887822098294338 0.21467595165926745 
0.2202371892674383 0.9533627560096505 
0.323653768395105 0.8970636036861709 
0.7935703563187494 0.37223211423089153 
0.986563785608343 0.029473617013289224 
0.13376688064718223 0.9836280871760494 
0.5533783364310291 0.695674702750451 
0.0 1.0019289856333382 
0.9789410131069214 0.0450902382658066 
0.672785441667659 0.5495889664940997 
0.7339689959760647 0.4643691409092299 
0.10889951406579279 0.9894090736220997 
0.8732661540447133 0.24018271696105706 
0.9108939444455045 0.17333110329430554 
0.6589018179127871 0.5677851653687319 
0.6030358280516843 0.6381891952414042 
0.7858304108482973 0.3844826864040314 
0.5855029886794159 0.6595066687738552 
0.030996783986508975 1.0005324656157752 
0.9337466010598161 0.13359389005336428 
0.48827249359348057 0.7628210214153189 
0.8406856902810782 0.29708889312924364 
0.7701569287971662 0.4092862156075334 
0.9567717270301865 0.08751684938499106 
0.9495161009117297 0.10187012361511823 
0.5953416921980079 0.6471196968077291 
0.9701537719529972 0.06178747040426738 
0.7410674548222094 0.4534499027359558 
0.2809449016553749 0.9223561950680941 
0.07992285133333626 0.9950021114728029 
0.2527161885089828 0.9376702072778813 
0.23937011853939033 0.9444137243717724 
0.1232110080167943 0.9864947580035482 
0.3634784932604023 0.8696439280575422 
0.9637100777790991 0.07436467016297468 
0.7159074016431086 0.4901455822457931 
0.9031815324598202 0.18683608357109632 
0.6142359186291805 0.6254775812173035 
