0.4689502028383149 0.7829948953285055 
0.3913548733455341 0.8490572501224565 
0.10796765375954984 0.9898999489230456 
0.5526406251605905 0.6969064710814834 
0.7947494144166121 0.3704281034867297 
0.7514456468858415 0.44678467684073836 
0.9417120088284081 0.1164041942334038 
0.17482253858728247 0.971209048997255 
0.8502703981746307 0.28155487688691433 
0.5408230284632977 0.7095229008269023 
0.7435968493174426 0.45505491827936373 
0.2808673887335203 0.9229022162906142 
0.019269948878353177 1.0011651410453963 
0.9870053410767576 0.030125646184794127 
0.5808563396573379 0.6643667992990465 
0.7040574365505852 0.5066677532573873 
0.29583434437119227 0.9143494510374987 
0.5710692033070882 0.6762425911948453 
0.8251871262188345 0.32211516434649434 
0.12003656120103895 0.987450305900047 
0.3258849296083062 0.8968746935600475 
0.8815264051578029 0.2252288240093011 
0.9150755543830467 0.16585306385386198 
0.057805596682745555 0.9985111050275345 
0.6408704806787062 0.591661858304989 
0.6611778543342307 0.5654354371611359 
0.610931025005284 0.6287474736897891 
0.9678503674799195 0.0657916833534178 
0.40057370972149586 0.8410741986760385 
0.4574604068166054 0.792744996748957 
0.9219773920059204 0.1529803656827974 
0.8678507342115355 0.25025084087860255 
0.3490546353486329 0.8796698592292264 
0.2676605669363477 0.9303055241681691 
0.9931668562888262 0.0163271626427709 
0.5618556295440694 0.6864452945430507 
0.8403186627253084 0.29694900925105916 
0.7547184553286145 0.43381519047231965 
0.8895790553388294 0.21700212142543238 
0.3391406222519425 0.8894335418486939 
0.601218753968259 0.6409427984718831 
0.7860907587789825 0.38566991906387926 
0.833614450385361 0.3080280057675415 
0.5118436470592787 0.74263300897576 
0.9806125563682576 0.04187175769770149 
0.14350721235574204 0.9804685957551462 
0.9745900735470254 0.05331024188166161 
5.2089119125154003E-14 1.001438132409353 
0.4906804559288294 0.7607795682898991 
0.8942438379798336 0.2039622834584047 
0.1885248140802385 0.9668154063769487 
0.6833402218469184 0.5353881735875836 
0.8172322369521456 0.3351483810016618 
0.9510655064795037 0.09799036742621185 
0.42563643061269313 0.821115583448279 
0.7707955190964996 0.4080295364751754 
0.2209579163820434 0.9529051815361816 
0.07582222552178944 0.9960325735979997 
0.5893638702390234 0.6550810115027914 
0.8027804331181716 0.3599347710979044 
0.9013649328263857 0.19018921724451804 
0.5007383504069074 0.7515716892815101 
0.2556161241795794 0.9363585825351626 
0.697931501735734 0.5158785576646017 
0.6920220379891906 0.5243773942556276 
0.809561871508895 0.3468529444464536 
0.09197297064634907 0.9932297603958918 
0.9076133725786965 0.17934599415368263 
0.4447292055383156 0.8042543069957322 
0.3781879432517839 0.8586767524657344 
0.16102293920416397 0.9769079127545053 
0.23016093640368257 0.9487286956252509 
0.311903937730939 0.9047843628663278 
0.7187141189168234 0.48610222930547997 
0.21090205531292577 0.9575104360251936 
0.5218254060353567 0.729454015706229 
0.20110745359367946 0.9619897316593228 
0.7345748875188832 0.4636846621258715 
0.47931584541113337 0.7722831374747896 
0.7255393537226632 0.47588287860055745 
0.5298961894585964 0.7213112537912554 
0.7783445723383646 0.39756169158331617 
0.8746051125593749 0.23877154881493656 
0.631687308557566 0.6031427762463486 
0.8556409263580737 0.27050970905570176 
0.9991034380215921 0.0060415361192453 
0.9619013902253228 0.07785276963778566 
0.3664986682448123 0.8669487047976011 
0.6492796028398703 0.5812092933677305 
0.7628570873317673 0.4208636755922224 
0.9291468977470573 0.13989970513863403 
0.7116595726388202 0.4959334701247095 
0.13216584799605052 0.984998030197922 
0.4133996448178361 0.8312437455483151 
0.9354512682061908 0.1276002358403663 
0.43671917076259004 0.8112688546057949 
0.04419185710929063 1.0004096892003334 
0.67271741944633 0.5501828697885983 
0.6213246372417676 0.616960139031197 
0.24301268956162303 0.9426947748092289 
