0.5403189097293609 0.7101954100906753 
0.4106158128213655 0.8332668816109707 
0.23117966104187332 0.948007172683225 
0.8390039039360738 0.2983897338129277 
0.9873608708526961 0.029214744017366977 
0.20565739439378977 0.9589645366225987 
0.1495879145695278 0.9786830681913199 
0.7891022301473186 0.3794162825242734 
0.6503618866700499 0.5787662868438501 
0.7958936655456943 0.3688526463396889 
0.07528273412754544 0.9953590191890491 
0.6404323220986511 0.5922104110647615 
0.9314212953734431 0.13464706858292566 
0.3097427979248867 0.9055313024249939 
0.9094426922173129 0.17668917801439174 
0.9422011968526017 0.11476057402956329 
0.2933984672330121 0.9153958511490665 
0.901954608642494 0.18890179927480857 
0.9730275106291508 0.05645740169047411 
0.6590535546642562 0.5670328228849605 
0.9590699177960714 0.08267344493942956 
0.5819865015026822 0.6633360207627514 
0.6834272835558496 0.5346230750165057 
0.16699605331350736 0.9730342149429824 
0.05046442689150343 0.9989896981852309 
0.4464727336033045 0.8019945585129438 
0.8202117437338314 0.3289426895526637 
0.9989446755204998 0.004727206806992101 
0.4900022907507183 0.7611142238684218 
0.3347430775673607 0.8892909701200461 
0.9933211089021667 0.01578491635282844 
0.5024054213466969 0.7491588975074824 
0.9524329277447857 0.09552125839381036 
0.7151372328941871 0.49046891938511167 
0.8870094645725886 0.21652087888042948 
0.554787322192959 0.6937130126455363 
0.7092180217397324 0.4994096530279106 
0.24395444134469527 0.9420430359583376 
0.773659221913425 0.40459435205090494 
0.0899045342877841 0.9933339932816831 
0.060314520786170445 0.997511341083757 
0.3226316761264725 0.8978371047346294 
0.5202760076322256 0.731544848209967 
0.1316507902301987 0.9868071432808604 
0.5128543916769219 0.7387560955280352 
0.41966407823438767 0.8258991281246819 
0.9223148151516474 0.15221107588981633 
0.6034716621906919 0.6378071259395696 
0.7013890324727019 0.5100315277295285 
0.5769646978327588 0.6724107303036923 
0.94768607421892 0.10437300352916298 
0.6300990195824782 0.6053106961505124 
0.9670539834550398 0.06689180679812916 
0.8502532876051813 0.27934455557606885 
0.8440303841779369 0.2898678036172068 
0.4656396707998837 0.7883065027458506 
0.8649850758215974 0.2539533137642818 
0.43697503332802745 0.8106489080230415 
0.269827856025207 0.9317008228260888 
0.748680801909117 0.44154985977819544 
0.5656715953702518 0.6820656334983728 
0.21927619151961825 0.9535883634233523 
0.47812130220740295 0.7727402732905004 
0.6918822429589772 0.5233250808908223 
0.6213013170816034 0.6170113028271089 
0.36147094328922996 0.8705699245061931 
0.4286700896425692 0.8176405649876243 
0.8326823031486426 0.30984490359614314 
0.5295631292287899 0.7209220406032009 
0.8264179521831756 0.3189595618346384 
0.4541215309665302 0.7954425974087547 
0.8718937235623516 0.24174963424662727 
0.040485089393075435 0.9994356642695278 
0.1927515746407953 0.964350805912368 
0.10580821352126235 0.9901528956540574 
0.8053573634896247 0.3534853302176912 
0.7817919174360194 0.39170518769341406 
0.675366187693439 0.5459578955308121 
0.2573469720050659 0.9350697484144029 
0.0 1.0009368059512433 
0.7565407972487449 0.4296929336134502 
0.7419319021775589 0.4517004088170729 
0.8933254478255208 0.20494091779694748 
0.3499220020536863 0.8794067817644591 
0.7320117603016245 0.4667400424083464 
0.17922443381518346 0.9692394696399216 
0.5931769664867179 0.6504803941365862 
0.7647436927038845 0.41805281257649146 
0.3880893704071825 0.8518166052137492 
0.9793760628353121 0.04516411368599181 
0.39989455365511417 0.8423286680704843 
0.28052148319910497 0.9228022696552616 
0.9148058276246388 0.1647538520045191 
0.7226669015332086 0.47995009977095787 
0.6113628645842709 0.6282635718497299 
0.8797302499229879 0.22918349925823994 
0.37486153938004524 0.8608874971420478 
0.8128483566864884 0.34120688303361163 
0.8584541240432685 0.26590121611029477 
0.6675188415128228 0.5568127242920321 
