0.28996055463947124 0.9182026558656086 
0.9236814368829087 0.15008783018725824 
0.6810611117392873 0.5380978941018326 
0.4608794376088851 0.7894357327894761 
0.9022896994795482 0.18892485624174526 
0.8884832285185469 0.21435840193013836 
0.9164320500467558 0.16448438376011396 
0.14463451086780882 0.9805530052106596 
0.986155086320003 0.03005487674583717 
0.7985388056997165 0.3652045383574352 
0.453131831127644 0.7972105804075076 
0.3857442358542937 0.8531867972247908 
0.7058216240271372 0.5044498327953113 
5.9252611198622185E-9 1.0023263663954423 
0.2116943891166774 0.9568304054906049 
0.5705097496472114 0.6770778974183191 
0.06396229726616393 0.9972614203042148 
0.8301604133892014 0.31377025582580775 
0.5362531669334994 0.714328450002638 
0.5287348013974489 0.7225859943894206 
0.7912012575788945 0.3769144614828321 
0.3120626003396857 0.9041465551451794 
0.03394817957810986 1.000330987997991 
0.6739362310643011 0.5479642583144526 
0.13245332857612332 0.9840338326925681 
0.42758245849563364 0.8195798762984525 
0.8375974980988802 0.3008219300767787 
0.019403281063847283 1.0008763187723746 
0.49624941129065636 0.7572151672470145 
0.8147060283360031 0.33884720536728186 
0.6645043918535486 0.5603050046464606 
0.4396696853763634 0.8082527415577608 
0.9458587455335868 0.10857367035775058 
0.25182533463869294 0.9400548703708033 
0.5044132192701638 0.7476210523393381 
0.7404458285550699 0.4540722391845712 
0.7511178365444204 0.439311943812898 
0.10548728807740937 0.9901886952838065 
0.6332198826798412 0.6011338699993659 
0.9376210959059478 0.12344815194407553 
0.39461948239037514 0.847120635043273 
0.8586500986003026 0.26522688081879975 
0.26257961507502586 0.9331413675904559 
0.6975006710135324 0.5163146062899443 
0.27328002502032167 0.9270656423097161 
0.24016394219450443 0.9438360168700813 
0.8057646135608456 0.3535109364723659 
0.11836581686600489 0.9872562368022173 
0.9510042853418696 0.09820283850659464 
0.613223811685132 0.6260223644379507 
0.7217996561647715 0.4812379285218325 
0.8724970765774829 0.24206885344672122 
0.35654383027771946 0.874652049651157 
0.472807776378495 0.7794767644715244 
0.5162463465953333 0.7360135560755431 
0.8653227033441026 0.25416446119457786 
0.7146460554262072 0.4916700883941384 
0.5457086524808789 0.7040853403978125 
0.3289350634457547 0.8936058635673867 
0.9312833140883396 0.1360737811404298 
0.7611815407008331 0.42324975437295026 
0.5575199087425183 0.6920245035681328 
0.6417183250604593 0.589754288322515 
0.959788722843256 0.08247607785075763 
0.17302852559080656 0.9718994373422152 
0.6887562933918776 0.5283437366516021 
0.34325291253460466 0.8840057690368979 
0.7317671525492825 0.4674145099917344 
0.9751225918473295 0.053216205384885605 
0.18522632845823578 0.9670727963906913 
0.7686890760618285 0.41283993346224745 
0.8235537147510943 0.32476805286654187 
0.6627957987283895 0.5703980468097715 
0.37184712042288715 0.8637588334762131 
0.22627993929990944 0.9501293564024069 
0.19913387626885376 0.9625468616215104 
0.8801761092890735 0.2283124673619083 
0.84618723581898 0.28800838653346866 
0.6503106785987294 0.5788825113684536 
0.4053899121814778 0.8374344118443597 
0.4821467826915803 0.768849889670129 
0.6216042125361445 0.6160384446001104 
0.9675264717197141 0.06735956116868054 
0.009852827826931865 1.0011718480730498 
0.29863418509663303 0.9127977318667231 
0.6041431511063713 0.6380869257391203 
0.9795336124010945 0.043352009083092474 
0.5823613945307496 0.6630777962824738 
0.5947273167860957 0.6486471594764796 
0.9927281328619751 0.018057565839196193 
0.8526128269470565 0.2759449058649631 
0.08206777851003404 0.9950480543916403 
0.7840338582627376 0.38921264553281515 
0.7763487176051704 0.4006223842075694 
0.15862013760231414 0.9773259157910547 
0.41641824459468324 0.8289078508442035 
0.8946312784615019 0.20254786248528112 
0.09407756945056944 0.993086686563553 
0.9089121514845434 0.17764413663465808 
0.9997565875596304 0.004913022131783307 
