0.32631258100162347
0.32592076018444843
0.326556888906779
0.32665404999320313
0.3260139891586591
0.3267181244253954
0.32607656819230424
0.32591958956656614
0.3263509664164368
0.3268540623169038
0.3269603019417949
0.32692374104090577
0.3267096541109938
0.3266078802401884
0.3261133402067312
0.32666225524616926
0.3258453399675339
0.3265903823746842
0.3261817251664451
0.32600554750575994
0.3260222382423897
0.3262169384366178
0.32579296685130793
0.32660318287427276
0.3261848529000212
0.3260852394851801
0.3268294203408163
0.3261910809355183
0.32667149538331247
0.3265447075618211
