0.14132757878667881
0.16549784673799356
0.19791301374345008
0.1343498389256601
0.12467904446404353
0.1431812200816702
0.16561092963736085
0.13731023227789785
0.176993995739298
0.12245328276910299
0.1648015913394154
0.16744859906463674
0.1575720912956544
0.1308337206986427
0.1311298336388815
0.15318704547822182
0.15913212807747867
0.13564101889451508
0.14674463255147194
0.14264427094960075
0.14260351484748612
0.14326794302626167
0.17239987661925218
0.14967993897989676
0.1439948270630904
0.15511049369177196
0.15947718288376084
0.16720344936832277
0.17645339261143245
0.1397419842057871
