3.8178227940166565E-14 1.0006138283462243 
3.8178227940166565E-14 1.0006138283462243 
0.999879842299497 0.00171616997843671 
0.5399842506282863 0.7093515105247896 
0.5622167396194835 0.6847749860339274 
0.09508732003462905 0.9917338181457493 
0.29221283297411255 0.915668401328926 
0.5720450858851053 0.6737958096612495 
0.5891690222083599 0.65409616955711 
0.21516050995896457 0.954802915331136 
0.6554514963783726 0.5716120564945106 
0.3830488900250804 0.854184874971584 
0.9029189782064115 0.18607493662846328 
0.5300611923051634 0.7211003828351621 
0.7503583776064515 0.43849701718765977 
0.19416854520730398 0.9629576433762028 
0.4677646597713363 0.7821086717576162 
0.6436715644837525 0.5865948171740016 
0.515151775218384 0.7354582470269106 
0.666485530006468 0.5571594833789506 
0.4024924485069991 0.8390928547805715 
0.26908173585537687 0.9285232694560381 
0.12607000066265334 0.9847381894750693 
0.16649002834449805 0.9728739573559391 
0.8884560712775385 0.21192576306895813 
0.7225410128475599 0.47901370099733176 
0.3327752961967873 0.8931243327744168 
0.804548583092737 0.3536917813937356 
0.9666302558453117 0.07239569493212165 
0.9947573562518266 0.012134852458579697 
0.8280793595404028 0.3158874059408625 
0.1439064304993118 0.9799906545968502 
0.24556346003468776 0.9403496294336587 
0.835784730136935 0.3030536167353433 
0.7923748257053673 0.37355004377642154 
0.9854608229863289 0.030512420848732208 
0.9557087603790829 0.08842132168665333 
0.762117100517585 0.42045280382041383 
0.3170849378633142 0.900081382110426 
0.01836703838419257 1.0002994045744689 
0.7144568409103869 0.490860826512768 
0.34376365532281394 0.8825186115686678 
0.045520044341026356 0.9987388374678811 
0.17925534274535715 0.9688977406372781 
0.4802259240707943 0.7702528878224049 
0.7742624814072882 0.4017876174159629 
0.8583113302889973 0.26515205290582405 
0.6340846136732498 0.5989022022826429 
0.2628512282264264 0.9333570515222237 
0.9310989028057484 0.13454124759014535 
0.706652169447117 0.5018258678137874 
0.35472465466390807 0.8751444039957967 
0.8866068300008435 0.21529958726604598 
0.6792910132220374 0.5397014816300448 
0.851011139058681 0.27715151745348504 
0.9069422988331762 0.1789717118987037 
0.8005564438839129 0.36032425553630354 
0.7004414299576158 0.5108463264048464 
0.05375417981498726 0.9977279339218048 
0.37290419435039435 0.8623309868036492 
0.4329035959225016 0.8191056516196235 
0.7895955018586052 0.38937913914627864 
0.6770774565572806 0.5450284559009868 
0.4471271516254166 0.8036062865098363 
0.9466778897341463 0.10633190249521801 
0.8688370327667024 0.24651721257690776 
0.6898203239348419 0.5254226340332052 
0.4095020815787327 0.8331447674395905 
0.4556241100583295 0.7946069192802864 
0.6067090021731404 0.6331570278505673 
0.8768459148588482 0.23281265159482542 
0.8194479563675008 0.32952952509493993 
0.9366668030802823 0.12428431573445209 
0.9422747137612056 0.11747803800461588 
0.4864383064672916 0.7640576431461472 
0.7803137899250178 0.39227863122798867 
0.9142702614695299 0.16536620584109124 
0.9513877913570734 0.09660100861310009 
0.9278398215930075 0.14996639688526076 
0.23128605278063197 0.9473544637523091 
0.6215368241495848 0.614507390261967 
0.7336915181149068 0.46466314172765705 
0.07386260776563242 0.9954580207785988 
0.5058062974053543 0.7454446867495725 
0.07651191762942891 0.9951172366192371 
0.9794875331596079 0.042491824598871554 
0.7420696997554629 0.45058332617825814 
0.3066003021521268 0.9070800455471638 
0.8171983763789955 0.3332647195484636 
0.9729883111627331 0.05469032469059434 
0.5970447635470049 0.644316788756103 
0.4185959457434204 0.825555630378942 
0.5035038519967168 0.7488330915888828 
0.843570705838536 0.2899371484612777 
0.7659263134662655 0.41448179373083316 
0.23334389398104347 0.9463636346884834 
0.5990681545220772 0.6419360731863196 
0.9705853172865276 0.05968494571378764 
0.6933060233095778 0.5202671859738788 
0.8437888376313853 0.28949188281757127 
