7.937306756379054E-14 1.0005343678716767 
0.9998578185866402 0.001155104005276079 
0.9642249666868384 0.07148371375888078 
0.9880435457418709 0.024761187829727596 
0.7327693863534902 0.4640171251250248 
0.7497514311655759 0.4387824544767658 
0.41580353592144303 0.828314715753194 
0.621964527222812 0.6140158567352217 
0.03590488441627826 0.9992057087448154 
0.6389525089177355 0.5929958329885575 
0.2660999726534393 0.9299155116285842 
0.2872168994518478 0.918165235214815 
0.2524123657357932 0.9369426238231631 
0.541454380060051 0.7078894748335701 
0.07320488410411646 0.9955902155370568 
0.7566668095008431 0.42838078218223824 
0.8738326667263168 0.2374292151929213 
0.914612960826912 0.16788433048881315 
0.29989440263523537 0.9110950385017698 
0.09790094330615459 0.9912106738207558 
0.18758788983790325 0.965456811756084 
0.4853062692463547 0.7711609334673303 
0.15644414589752537 0.976107977659177 
0.31652188115134683 0.9006220915116893 
0.44041044195204265 0.8194131472286904 
0.886111073987552 0.2158176093276844 
0.14773805927448486 0.9786768715630216 
0.5725228185540852 0.6740382499474898 
0.18075582792202854 0.9679267717188104 
0.5788340210475529 0.6664210090592795 
0.23122054264780628 0.9471040246652946 
0.05352853398411339 0.9979007163825389 
0.21256459054635546 0.9552944000042606 
0.7700921350248768 0.4082263318149393 
0.7240599334910405 0.4765788573902232 
0.49894203252890934 0.7521713572070367 
0.6070365263316053 0.6325328136664072 
0.592827060345745 0.652633548477259 
0.4682928187937506 0.7823463402248378 
0.9533339100815184 0.09218138049271778 
0.7886927867654374 0.37907464463930346 
0.6933048378655646 0.5201565535182527 
0.9314078305006172 0.1336801391193581 
0.8347394408776901 0.3174089408657461 
0.6586481897611265 0.5669724531762463 
0.1232724421970523 0.9854276973002571 
0.9943292186390924 0.012622059810566293 
0.34599285149721337 0.8834725744888865 
0.8570840333409457 0.26702510318191186 
0.44220356682015016 0.8120233073757882 
0.3570062331917961 0.87357283891267 
0.5962686972196505 0.6454048069326815 
0.5590270338523078 0.6884350614150485 
0.6143173425168837 0.6248190955944561 
0.7167900978786969 0.48700718990189024 
0.4944958227411056 0.7563794842249217 
0.9246584276666333 0.1462780145090489 
0.5136654436644985 0.7367703657807392 
0.4521619143964462 0.7964005345556833 
0.8531556846717108 0.2775400841451509 
0.3785252759413701 0.862264761373081 
0.9378530602516758 0.1219028317637931 
0.5457955614743155 0.7027274409213341 
0.8642687089580662 0.2538693688062161 
0.3855267064472808 0.8520750298529055 
0.6481597219495643 0.5830591492598386 
0.7160004226901253 0.5013939312208331 
0.4017107236387673 0.8406819432560785 
0.8993537207433036 0.19236316494383238 
0.4736400052284655 0.7795659253156677 
0.6879414633484724 0.5354495708911754 
0.663104395015054 0.561555935523159 
0.9455588869312406 0.11693597931640083 
0.8127129497350348 0.3401324579105795 
0.5210722514744122 0.729126467696176 
0.7004164842237959 0.5108177697524696 
0.5566394689743679 0.692239667094 
0.5210722514744122 0.729126467696176 
0.8047717565523618 0.3542832671009294 
0.8217781015385209 0.32634238824086936 
0.40230775121966567 0.8399111595668772 
0.11235246567006639 0.9879716761428565 
0.8355107282484151 0.303172117260705 
0.8456564261122348 0.287372280919731 
0.32620215115536827 0.894342179732559 
0.9475239915158347 0.10348530375004958 
0.8678668095134495 0.2477432635792092 
0.6707895754837846 0.5509902659504697 
0.7047576656380603 0.5040343931404362 
0.6815267515380843 0.5365474746474144 
0.7957165994843861 0.36865362087826775 
0.7806591585510838 0.39148230915690546 
0.4521619143964462 0.7964005345556833 
0.9074229076243062 0.17812882146946873 
0.7728597826138432 0.40389404000147966 
0.8197873317843754 0.328968169721811 
0.8093312755204632 0.3465009561542626 
0.2241112772237558 0.9503522858883241 
0.35595322229985543 0.8742947759951814 
0.3348155533690928 0.8885565986853637 
