3.7512026110292227E-10 1.0007545466866026 
0.9999868590718353 0.00118491977033545 
0.7480659675088396 0.4418638365086128 
0.5849232419997866 0.6596654242559414 
0.3733173903598879 0.8616996254938444 
0.6428161178673207 0.5880907069544693 
0.9422517765207148 0.11396385889460178 
0.3489717711749332 0.8789944013036899 
0.9154019849931054 0.1631960507959282 
0.8902301771557913 0.20897033605843754 
0.5668705646328229 0.6802777093677712 
0.5480748779285407 0.7005135511561805 
0.6171407737947674 0.6205165290267238 
0.9833619293784276 0.03470761130240888 
0.7290134089316103 0.46982498176657406 
0.7729615197195048 0.40376568271637975 
0.931420345799433 0.1340878276068314 
0.8381743537117106 0.29891140793005017 
0.7817113449148213 0.39032163532394304 
0.30888242168143226 0.905726714560078 
0.6047123862391472 0.635514539506914 
0.10403940250723034 0.989987529220396 
0.42235849577954776 0.8225850421474438 
0.5055185586696963 0.745698944078058 
0.21681399946964963 0.9536586182911054 
0.8998542390097124 0.1969794522744542 
0.5234577134452406 0.7273139732736342 
0.9542068026829442 0.09069854253743881 
0.5738984840219494 0.6723100643606204 
0.718691480914525 0.4847959140521828 
0.5323550343197121 0.7181064004982995 
0.8769365532008582 0.23234008227382064 
0.3363660807412993 0.8877917479597562 
0.4028953085432855 0.8384360868414845 
0.4890337201495489 0.761879884530143 
0.016110324938146348 1.0003303638869467 
0.6650462945387569 0.5590603793091585 
0.5116644720416665 0.7394092330244078 
0.7910446404152943 0.3753829326837415 
0.9884572448289868 0.024230747996594176 
0.8081464785356874 0.35003571811361606 
0.7159317314413327 0.49894448268329045 
0.831717574768043 0.3096900327586853 
0.8490916304285494 0.2801999788446132 
0.408670440259819 0.8338542893313216 
0.28739849997857286 0.9182236816345155 
0.756449396056571 0.4291961360732311 
0.1480124159371599 0.9787139481433291 
0.9054417108996009 0.1813123466295585 
0.9956838585996949 0.010728033685169861 
0.5418254032997545 0.7072593105106115 
0.629153410311971 0.6054459948955808 
0.8246324090870223 0.32115264786243725 
0.9711814332553563 0.05841815497229549 
0.19523307843461998 0.9628638240436534 
0.9320331647671362 0.13268293901684597 
0.19848318326590492 0.9613921110571712 
0.7999643321972181 0.36172651682590434 
0.14567983650469157 0.9796868463618859 
0.8194834195189977 0.3297281891727475 
0.3239753505922195 0.89589403346976 
0.050485954827256485 0.9983650830780116 
0.4367946793477213 0.8102721092838582 
0.9711814332553563 0.05841815497229549 
0.3877039782203829 0.8504284741055113 
0.9099721757284907 0.1733490574918188 
0.0641088852027733 0.9966316871377007 
0.4601344416351061 0.7894553089146326 
0.7620998246070017 0.42020457709911613 
0.8663277021291793 0.25103470339712913 
0.17563567470721875 0.9701025370265517 
0.7038380603997741 0.5057621980160988 
0.8718096982572319 0.24189065621468836 
0.6053669568067425 0.6347690298638063 
0.47428002219945775 0.7764300209842435 
0.46318217699001574 0.7865427105150518 
0.6284138658130691 0.6062496585506657 
0.6846447358411577 0.5326494966581633 
0.4332165922296265 0.8131906872532207 
0.6576463514383647 0.5688696715028082 
0.12497333043456824 0.9853625996642088 
0.24477942817430565 0.9410565537963933 
0.29559280063557475 0.9137834874817324 
0.6816754941407578 0.5371843577030279 
0.3870494076527876 0.851139222298334 
0.12497333043456824 0.9853625996642088 
0.2693985756924019 0.9280234592118974 
0.7277160750850801 0.4720985163553441 
0.17202425722947773 0.9715094401853477 
0.7018839035434162 0.5126202919250059 
0.256584834917989 0.9353470428922207 
0.6576463514383647 0.5688696715028082 
0.9560652954606592 0.08835889610714091 
0.08741982250166785 0.9930249340229682 
0.9627620549575266 0.07481743971759479 
0.03559921160938784 0.9995835473176901 
0.2693985756924019 0.9280234592118974 
0.7959414554541346 0.36823528019982316 
0.07533584524188336 0.9952020754248774 
0.4486678100996099 0.7999513173831073 
