0.9998944976144992 0.0013359286868480215 
7.651162771971056E-7 1.0005151969055206 
0.980277740552165 0.04126432543388269 
0.4489469941055324 0.7993996452226364 
0.14624439536052497 0.9792121698174536 
0.432059579756996 0.8144811345579323 
0.8783885050282135 0.23039830407336917 
0.35202937778845783 0.8769373705972813 
0.8923828566296004 0.2081014995899199 
0.9977404867044586 0.007049516560792937 
0.9698065470906275 0.061022723560125246 
0.10872121684459979 0.9889012923821556 
0.37289862502948135 0.8617432603717515 
0.9019044906488096 0.19426046688748147 
0.4711175033809662 0.7789923821805486 
0.5984365504550148 0.642853241501171 
0.8455354535730546 0.2865920045279364 
0.9600066608770802 0.07997614934259469 
0.663572613350988 0.5607175119189975 
0.47739570203821424 0.7729966098251047 
0.8384801902855921 0.29930801178474964 
0.8281426766606804 0.3157395862226759 
0.4147437573777609 0.8287508698921454 
0.8059777300987249 0.3518071138782356 
0.6360677667663673 0.5970278459666156 
0.9370763618339031 0.12300126158743334 
0.4969432318296553 0.7541676215454404 
0.5264019970034518 0.7241479279709607 
0.5874491081176175 0.6562870518428859 
0.0585719691956651 0.99715973682459 
0.2060668961841669 0.957969083055546 
0.18461556394356177 0.966741818220091 
0.8146908249193878 0.3375326069649535 
0.5557641305368316 0.6921823332365341 
0.7920809506490162 0.37391558938785974 
0.7016214303063701 0.5087844470693317 
0.9112369118765259 0.1715229948023237 
0.9195357898915295 0.1558290968767073 
0.7980617249097544 0.36442863244073687 
0.6861912590512975 0.5304088735960469 
0.7242900157806309 0.48053710751638457 
0.6500444306309048 0.5787792942327181 
0.821230133336538 0.3278985171645246 
0.8578044178456637 0.26563895514706615 
0.213655992469015 0.9554654441097796 
0.23059047198108218 0.9477466028973804 
0.6113913393666395 0.6271919630519341 
0.7728650199041722 0.4041420303145401 
0.7280110759378475 0.47088559029279875 
0.03396185199751248 0.9996767624681048 
0.5447869951263647 0.7059755026996883 
0.5667771260743144 0.6799881473196644 
0.24576867720168957 0.9406817548200603 
0.6766766729987934 0.54426262194448 
0.33256956147396577 0.8904008223109509 
0.7837618379932878 0.3877688415547842 
0.3197425651543344 0.901606030478819 
0.6247611795971048 0.6104099004462322 
0.7533134350823864 0.4341576220267101 
0.8583955473221035 0.26469197391736626 
0.38529082394362996 0.8525295247069962 
0.6140985799545687 0.6243959739314902 
0.9303590756379599 0.13597421064977885 
0.7118615411897178 0.4944361082828866 
0.7638386394833139 0.4251884682973503 
0.53966225132656 0.7100078861054018 
0.022075118390370296 1.00029565524729 
0.3024422890499898 0.9096007485278337 
0.9521447260634754 0.09539278039540611 
0.40771438629744716 0.8346089386995429 
0.5774930502767718 0.6679138795586425 
0.8692144500187291 0.2459781151727209 
0.6463434141354044 0.5833406714917838 
0.7799520144881152 0.3935001922344078 
0.17760849320093747 0.9695814991104139 
0.27518832695443657 0.925231801933598 
0.8692144500187291 0.2459781151727209 
0.7136449011807212 0.49208363012579975 
0.5090246165959518 0.7418545005798608 
0.3154154109637119 0.9048067477885721 
0.08997656444049407 0.992963077537919 
0.736375015942307 0.45870922755275423 
0.7384674952184486 0.4561029060428883 
0.7468179938215147 0.4439709088421172 
0.3376557818521275 0.8867434763565719 
0.6286106492208494 0.6076416174231797 
0.6914321397124388 0.5231657476252926 
0.6997294806867924 0.519281093124013 
0.26080657144378877 0.9330531214618334 
0.9128329017056076 0.16821388192136447 
0.9449598841134083 0.10865337412032361 
0.16351367792572202 0.9739126922722833 
0.562197219207573 0.6850912202897538 
0.09897846010423528 0.9907198968289314 
0.39955814211106283 0.8416471863657207 
0.07798196574635141 0.9950006045403496 
0.23709443712138856 0.9447045514525229 
0.2871602569925393 0.9189324672332164 
0.5799366141473196 0.6651970091501226 
0.0706445758745125 0.9960274541799848 
