1.2470617295197196E-9 1.0008465143519731 
0.9999706256381772 0.0015238505532678415 
0.34590198264767064 0.8814901805533929 
0.9615243453730353 0.07707713134401777 
0.3258216971556865 0.8944785578333753 
0.8311407495934786 0.31291801870732316 
0.6957856421425106 0.517155680273511 
0.9766048924729853 0.048040302018238806 
0.5541880879223486 0.694158833714489 
0.43876750746555226 0.808543827937338 
0.526992010491531 0.7313491813455093 
0.8453522095191095 0.28697436308667246 
0.5384885700657991 0.7112776856643757 
0.9068060639453198 0.18014068561707894 
0.8959441845442999 0.19956504043183063 
0.5048450510625303 0.746468890791834 
0.99457050196091 0.0130868134188448 
0.7913971516061767 0.3752641142090787 
0.22409640308769918 0.9505365928228675 
0.7819793638287904 0.39019626555240794 
0.8094450020545428 0.3461810483999346 
0.3910899850346067 0.8482821802491138 
0.869609251475174 0.2474256296387481 
0.2549354043645242 0.9361816224853724 
0.9841149996762347 0.03341107003320779 
0.5644367437731318 0.6827558672327114 
0.16158894601309964 0.974566454023356 
0.20888267035571834 0.9615889913117219 
0.31015838697202114 0.9046679695579531 
0.6558787112823639 0.5715326850720928 
0.6306333866708758 0.6032164901777206 
0.6819338301744198 0.5363304509916609 
0.7311619522189244 0.46684130393229983 
0.6460164189164687 0.5838259772463629 
0.42007708426732415 0.8247153864661518 
0.874949109460573 0.23630844309637755 
0.05488907586718465 0.9995949850899395 
0.9424341522853408 0.11361707772050617 
0.6216494356223035 0.6151560083830809 
0.1849011661397611 0.9669889137118708 
0.5734172514710534 0.6726620467957692 
0.8214318798209792 0.3286330073962213 
0.9135867754907933 0.16722949452495667 
0.11173125387458316 0.9887862577954987 
0.3722928869403339 0.8625901810299007 
0.7222722143951688 0.49067633092897445 
0.498953233240562 0.7517510759049583 
0.7998403301821524 0.3620132177511133 
0.27517448990505855 0.9252568222072433 
0.6057398863256233 0.6343962187260311 
0.7750051468371568 0.4032411679867893 
0.7452510043526385 0.4463416102096607 
0.7689297588363271 0.41046067683490334 
0.1371635110385379 0.9819303849111846 
0.4768246275533626 0.7733976455451583 
0.15539399197714485 0.9767240827657938 
0.5302672869310483 0.7204289150665119 
0.8594595661116549 0.2632505871222247 
0.8893377948300776 0.21155862969702685 
0.26612495499439426 0.9303663310514941 
0.6760396736686958 0.544191851714408 
0.4881217544658525 0.7636407931246658 
0.44800404999939847 0.8005953371362148 
0.36302032448551746 0.869512559734561 
0.03336378346496738 0.9997901203189992 
0.7408146363160177 0.4529511471239697 
0.6678514080649655 0.5571159943208484 
0.584089783579494 0.6600775251215371 
0.39659081804405 0.8440948081764217 
0.08340887025235058 0.9939514242509758 
0.594646349666619 0.6481818954266809 
0.9304481299136494 0.1357003530340813 
0.9519925294099789 0.09794021893810013 
0.2876046287657029 0.9180707561252057 
0.23811733083761177 0.9443636451311306 
0.6638493756560736 0.5612727597805389 
0.7053095534279783 0.5039922575337035 
0.010886825058698688 1.0004922753480658 
0.4665286326532184 0.7832620536459358 
0.8044412893272899 0.3544645526229676 
0.7100467502004825 0.49717810036415466 
0.4072484769829805 0.8352252751094805 
0.5970371254472302 0.6452251387283743 
0.7539056631898935 0.43280451569056944 
0.19655394511225166 0.9620898730784313 
0.7611865792708676 0.4223670367564476 
0.9191250139544889 0.15748938613932156 
0.733871484227769 0.4649827982324861 
0.5809729073164059 0.6637605342052023 
0.02548933722922736 1.000276629745091 
0.12584071989451578 0.9848750768686164 
0.8829352600708497 0.22418478861129418 
0.8535322284985849 0.2732744259687945 
0.6470203140363409 0.5825083827892146 
0.9232278343171059 0.14899250492245109 
0.9802789344177967 0.04043410907057367 
0.8491127925401335 0.2805428987702153 
0.41030557465961887 0.8328933170231573 
0.6132931318361997 0.6251155597964833 
0.6306248618236885 0.6062045576890782 
