0.9996858717756858 0.0018825208803080863 
7.318863807291833E-12 1.0005366050606217 
0.24350093962909838 0.9416268698885814 
0.47198189438708105 0.7782082798417522 
0.21099003992339305 0.9563139419873345 
0.39799220404669533 0.8440182435858168 
0.4937029695795342 0.7571496424173397 
0.6349558314581316 0.5979249683183219 
0.32020932984095457 0.8985566324773411 
0.29710255559941307 0.9124182002262696 
0.6187313395790266 0.618339875387771 
0.16443540482836239 0.973848168606278 
0.08335708330530156 0.9941829297484064 
0.432533056723585 0.8137922289375981 
0.2706963564908142 0.9277520375206603 
0.6860573242272949 0.5303287833026478 
0.9462916154529628 0.10667742244876953 
0.1421587396100854 0.9814782935121734 
0.3297814845239605 0.8922589248188252 
0.8506680491650496 0.278202867330756 
0.7181499355833888 0.4864422413354751 
0.7698218281378979 0.4221589324491928 
0.5486723490877957 0.7081365969460186 
0.5904948803792165 0.652345190190816 
0.8007491016931572 0.3606612249440673 
0.7362065259035742 0.45889893242972346 
0.7918014150865844 0.3741128132007518 
0.5502890208877843 0.6980809713923365 
0.288157183220248 0.9177652693795292 
0.41928135491249247 0.8255261697294499 
0.7541453803776778 0.4358807951563304 
0.2574240109196797 0.9346779866690795 
0.7083267126318078 0.4994149909230633 
0.37329480293971273 0.8637013744486913 
0.9705394469710653 0.059540881181678294 
0.09968577951430146 0.9909412591187924 
0.9243939365365557 0.14737855423529114 
0.6429777666804134 0.5880781140464084 
0.6534706016724248 0.5778860212712779 
0.4647309604211976 0.7926617880895821 
0.20367782948754853 0.9600026208009336 
0.35032520468661116 0.8779138980053222 
0.9650095809994262 0.0715834539333653 
0.9896664935509942 0.021771536910206963 
0.6003701296291015 0.6405201979131065 
0.7843237907822762 0.38634885476592856 
0.8250440238324538 0.3207101002658298 
0.4481144526212335 0.8002443258947359 
0.8340570124243143 0.3061190831941855 
0.8995826433242373 0.19428219716900932 
0.6970653619416974 0.5153104830783735 
0.5296018113069862 0.7206628317394853 
0.5049759069614213 0.7462765842315611 
0.34760245971919845 0.8812939972687016 
0.9552541491834778 0.08936179859336381 
0.18334945702190536 0.9670940346469796 
0.7776515443613514 0.3968989322397084 
0.9318055343894256 0.13349857261398312 
0.11793844675410436 0.9896545244046063 
0.9146757513905569 0.1650182778694131 
0.04310461467613369 0.9991381406634781 
0.8429003650166056 0.2911596692790278 
0.9803674462966316 0.04033183013467518 
0.8083449011982571 0.34771310838525815 
0.6685145325488349 0.5542655017077346 
0.8674327234669333 0.24934034050843337 
0.5812571547549357 0.6646526017745696 
0.8921862253241641 0.20618471076121622 
0.7450479865334446 0.44629639659959225 
0.05803923462766983 0.9973624185364494 
0.023673424109475982 1.0002705550567066 
0.8591988617468781 0.26307620026531414 
0.5173691989636487 0.7339402274408271 
0.9064284556957216 0.17954692719213777 
0.9581275683790096 0.0851323454935513 
0.9180267592841491 0.15853134021389376 
0.7012078160342592 0.5096539985650014 
0.6072953843594892 0.6321495053234398 
0.8201519563262508 0.32887824341659627 
0.8741270774249654 0.23810274503843074 
0.17926071417930567 0.9688043550937909 
0.6595012571682936 0.5660662896689055 
0.6168552521001277 0.6304512492271003 
0.9779962295535765 0.04497922031152325 
0.9397106267139158 0.11985154212338245 
0.38720767523335486 0.8531579084480108 
0.7266637472291433 0.473775309465189 
0.6776852998608526 0.5428257897137543 
0.3738385359196955 0.8613804711408092 
0.7279772262250194 0.47170011131270456 
0.45212379738861724 0.7967820112365793 
0.8387294181998093 0.29818903735466434 
0.42231408181178176 0.8224472426546708 
0.885344737080919 0.21829698404032363 
0.5284636373179601 0.7233305204056694 
0.5035051054758218 0.7549429025442476 
0.5189858707636373 0.7323010499260207 
0.9051667050328434 0.1830759427089062 
0.6639162435833564 0.5630529068145976 
0.5647384835993216 0.6823477669054164 
