0.9999733442822346 0.0013347181384823338 
2.9839810643126435E-9 1.0005730877934385 
0.1349367332155591 0.9823338699000657 
0.8990572003127363 0.19288975182441476 
0.6769643533616058 0.5431750128312012 
0.169425550922162 0.9719950760126708 
0.7456322251700827 0.445164245259902 
0.6470680550375308 0.5824860754300661 
0.6934112970538875 0.5212882364080859 
0.9164872932587188 0.16367384030001883 
0.85971181290585 0.2664363489880355 
0.9842457584673902 0.032394150717054364 
0.552786709886258 0.6951779872083514 
0.9251977146116952 0.14519136010172254 
0.4973384254241313 0.7532206010413186 
0.6025328372086803 0.6379508529503553 
0.8194031688989766 0.3296488682781587 
0.4849676325466202 0.7658407575367011 
0.9947347621992774 0.011877921613795679 
0.8105272803597076 0.34406251470491317 
0.05331510693549754 0.9978955817240779 
0.8019030071659509 0.3578880201463254 
0.9361685042040795 0.12525103098430557 
0.111765640031731 0.9881612352763334 
0.8902511667106723 0.20848331433135175 
0.0779604508173165 0.9946812217226586 
0.7289899811028765 0.4697306418152574 
0.9717534094838081 0.05710137747056529 
0.38370655007914345 0.8535498608622659 
0.26320122047621647 0.9313795365489 
0.3608432691116128 0.8704865408213522 
0.5092384719118744 0.7413319722322178 
0.2527602359073299 0.9397045180809457 
0.2784784502034574 0.9234349977830881 
0.8712549634920888 0.2430114468196988 
0.47331476875454154 0.7771985210809175 
0.42931887015052395 0.816512156735665 
0.5915920048554193 0.6514021830286881 
0.6605929441081414 0.5646052911178958 
0.6639063594449928 0.5605562127022512 
0.20229286009330646 0.9597749497181388 
0.6356022212150637 0.5967371905779422 
0.4643265695752554 0.7852581726730409 
0.9773832940836816 0.046222682085970586 
0.7520027162874383 0.43539170940112193 
0.45366193854316933 0.7949995409706129 
0.30501450004041314 0.9090456935767675 
0.28941008043833055 0.917130979257263 
0.5641585450020605 0.6828237575909085 
0.5397013532140544 0.7111959064189609 
0.7255056465110924 0.482780334731624 
0.5230035139635276 0.7271271554145647 
0.7854930594360463 0.3843161210635406 
0.3238653057964297 0.8959610723442435 
0.9637800056378667 0.07514166622516767 
0.338423312260138 0.8861854567691074 
0.7799920921274485 0.392442885785631 
0.6291264525628042 0.6049737919600616 
0.616598757886253 0.6210092366703093 
0.4185096016840391 0.8272156405194183 
0.39808257502509414 0.8421673984272706 
0.8290005960123097 0.3140302516364741 
0.4123500097696093 0.8307621468592751 
0.584348477817172 0.6595244387371145 
0.7730414543316884 0.40345624666723284 
0.950575026627267 0.09829134198712172 
0.5402176987182186 0.7091374771022725 
0.018665106023007888 1.0003861765966946 
0.6135826054226694 0.6246770434811072 
0.8805225254101553 0.22625874827848103 
0.23564871944350896 0.9451086118767282 
0.8833049676784889 0.22160831913183923 
0.7717988054150938 0.41368346151736984 
0.7128768099259359 0.4932717672758509 
0.036883988686989166 0.9993546560793684 
0.9195039429287459 0.1581674011657809 
0.5195041040421446 0.7340987310847099 
0.8730377219933982 0.23939175051499076 
0.40187072234703836 0.8407965834491885 
0.8416184179438053 0.29282107490031456 
0.7603862813120293 0.4227341295925328 
0.9551341179374606 0.08956505468499175 
0.09896367870424111 0.9910704996175578 
0.18697577527701265 0.9686835302693239 
0.8394233108967054 0.2965593916845448 
0.09101849565688933 0.992570649037145 
0.4402008987150164 0.8089785599539487 
0.18783474474773953 0.9652712454959549 
0.9442025776408515 0.11919431553444845 
0.30123480824442694 0.9099214099849667 
0.3728607786162246 0.8619295214698611 
0.32923747057734115 0.8920877354325206 
0.7104161638535279 0.5000070213410337 
0.8508048385330006 0.27770498926104953 
0.8323568793917691 0.30828267243629054 
0.7932053087595098 0.3720991098188803 
0.8487689873694595 0.28026425562690943 
0.21489463477392134 0.9545680165692922 
0.4454455875243717 0.8030159653807568 
0.701627648072628 0.5097443334720908 
