0.9997341106302063 0.0019934552453562985 
5.092710919640808E-9 1.000701336778076 
0.11574812119437233 0.9874223386715784 
0.9559828980604288 0.08776273398798252 
0.5767395072466102 0.6683786011416185 
0.5588122943502188 0.6886293571564746 
0.3041231117308136 0.9083726602430374 
0.448861855505581 0.8000201254056433 
0.4111099697876155 0.8319019980765748 
0.9675660668769398 0.06633582782977092 
0.08391529069971013 0.993724885729163 
0.3533552989334312 0.8765007993383248 
0.9450225324078491 0.10815685949109569 
0.24933525327718614 0.9385850603520177 
0.7785338513547031 0.39745426561496905 
0.2858662015105039 0.9190731461540015 
0.07067145413831732 0.9959897683931634 
0.8620990187763402 0.2583890512406307 
0.8291056340741118 0.3184171113500877 
0.3973875193497836 0.8431260736228592 
0.04042141692580528 0.9990263606298769 
0.33392289125948954 0.8896333856650155 
0.14300691432442797 0.9804012968207508 
0.6711896203944081 0.5510757871493588 
0.48009293020395244 0.7706633883105647 
0.9119988780013479 0.16989719274773427 
0.6530263822528624 0.5746484100106588 
0.49500288935045533 0.7562991137549658 
0.027014286689580447 1.0000550205802037 
0.6617190828998818 0.5632301278993672 
0.20877653388756146 0.9572203163951143 
0.9920862877470271 0.017257049239041505 
0.606725998018137 0.6328536204867775 
0.7869071946863176 0.38201037208671174 
0.767266815839324 0.4134954055559574 
0.5243949606101673 0.725977624760836 
0.42866954380420097 0.817162508248793 
0.8384188792137511 0.2987190002567693 
0.5349995951591221 0.714950855985252 
0.8766376910736255 0.2329518669913837 
0.9750348727173004 0.05169821995442023 
0.22992138343706847 0.947895991085484 
0.9379596773757634 0.12167816173358478 
0.32183946513021716 0.8974440446669406 
0.6021338227287031 0.6385245254379351 
0.9040186285606922 0.18473576138073947 
0.9858563243506426 0.029365734981770347 
0.8991193181681277 0.19303413701555627 
0.5013783733147765 0.7496663401677215 
0.8205800652808641 0.3289294693726586 
0.6806101317447208 0.538116352442464 
0.621461038466439 0.6170897219459571 
0.6433275464334061 0.5873972436241258 
0.7618557606793706 0.4207928173309614 
0.7377294674910374 0.4569054456006068 
0.6307013811772698 0.603516998496438 
0.4588030524702653 0.7909898564583951 
0.17521712433593836 0.9702050069042901 
0.272132521168916 0.9267549501906839 
0.9800300216974974 0.04119192186622828 
0.7444711856296953 0.44695435747039985 
0.5492310383941679 0.701029519768413 
0.8420727336962759 0.2921099132971852 
0.4278639181620887 0.818421553922318 
0.16489140769148058 0.9736451067446806 
0.8188086361022502 0.3436045694286095 
0.8516639924595414 0.2758983086578545 
0.8054209055722564 0.3544705225630172 
0.5903383498111184 0.6526325289173905 
0.22401200083866402 0.9507030987828704 
0.3765234606825578 0.8596557473658293 
0.7958938309426774 0.36752314030196515 
0.8910348477521073 0.2075281675982591 
0.6377786779685868 0.5944953056531499 
0.1509813892804499 0.9779739797186073 
0.5137217016123197 0.7393648203854309 
0.5435422593077742 0.7062418306672772 
0.46628763991959044 0.7836292746727967 
0.7532900190450131 0.4342374114485279 
0.4726694921060083 0.7775122527164806 
0.7138176170778949 0.4965067186416354 
0.8504135494422315 0.27837900947455774 
0.9254892441139833 0.14669670731064494 
0.1948190841161111 0.9628996596335236 
0.8730578733733096 0.2491410761507925 
0.8085636571101791 0.3486678641835199 
0.5876646819238912 0.6561364124345618 
0.5153797772475968 0.7352577128478787 
0.721047067968967 0.4813268204599256 
0.7934606429568641 0.37201151015125733 
0.7076513452302224 0.5079367475919 
0.7295592624216852 0.46934270454172783 
0.38457639269293603 0.8530807456010056 
0.6234908365038307 0.6143745215934736 
0.9190028707549649 0.1571543279419281 
0.36474526010868896 0.8680662147692605 
0.1896538779357776 0.9648276367725231 
0.7511162963427709 0.43735723148521705 
0.9323853191596128 0.13196562147964924 
0.7306671839620522 0.46773834272766274 
