1.509499931328555E-11 1.0007755322153047 
0.9998695298156606 0.0015990021803833636 
0.934297764520029 0.12879836473141434 
0.6905761345414364 0.5251970373346062 
0.4672296296509575 0.78272491263184 
0.9466558902774922 0.10901416232183077 
0.5205928521470551 0.7301315702893217 
0.4378707268244969 0.8107220867895061 
0.22069442624398858 0.9524012778867363 
0.9846750031780838 0.031617309305194345 
0.6139605827576573 0.6243572080571529 
0.1923265965994859 0.9639181315242893 
0.6268686494864435 0.6084214391494567 
0.9947336872183928 0.012204011865647145 
0.8569479048980008 0.26702540173529726 
0.9104456181301421 0.17300267529472688 
0.35524861213949493 0.8746547854403849 
0.09423674166092555 0.9919887197314978 
0.34646462931114763 0.8809777810827493 
0.7180840337452004 0.48554721692523867 
0.7711237791909696 0.406553610945879 
0.2564382335691291 0.9352106642221042 
0.8723537014675617 0.24294095113847494 
0.9748871151642252 0.051417161292389595 
0.5458283132770145 0.7034291213613078 
0.2397976134831401 0.9448348342143729 
0.04407144275447335 0.9989534406850262 
0.9207164028551966 0.15416164058696427 
0.07336163834552335 0.9955057827700888 
0.594385801497721 0.6489032578558803 
0.7611512159001942 0.4218040262679434 
0.20596996050267022 0.9582951025457456 
0.8662211199726503 0.2509459741113956 
0.6414135327917945 0.5898781292335172 
0.7299390208141083 0.4688447236109206 
0.7059735273124147 0.5029503796265761 
0.4854157645333286 0.7657614294742534 
0.881255436707052 0.22468614882329369 
0.32976757554819525 0.8920781013970084 
0.5661615783389827 0.6805495154107509 
0.8212459039884924 0.327356081746755 
0.8382734473287522 0.2994744975725004 
0.9651859972604668 0.07005823770631991 
0.6811189778917535 0.5372328817160412 
0.4026982089496993 0.839209329693331 
0.45624016123123173 0.7962684873406712 
0.5814089509654483 0.6634277258106065 
0.27769185000534946 0.9271056587987156 
0.3722374774408893 0.8624844051877192 
0.7555827163189481 0.43105827806900043 
0.8953220823211401 0.1999899676247578 
0.4913361174295213 0.7600872196617751 
0.3151095506253669 0.9016458470876383 
0.5118343044549849 0.7392866975385486 
0.8497123441640156 0.2795015990752591 
0.6340568580248623 0.5989785398631398 
0.0590992582099201 0.9974216098812212 
0.5557766338061593 0.692098523537084 
0.7862735483314575 0.3831506387203313 
0.8447993780116744 0.288226164553927 
0.42029010677431655 0.8259051076546918 
0.40985121979065753 0.8335609345469579 
0.7977858306848189 0.37233378501421655 
0.6516641937018698 0.5770985439501571 
0.979180768455877 0.042840263857785645 
0.7064720101245865 0.5023367044955955 
0.7776734842988955 0.3967208354471176 
0.8852820949038338 0.21765052072861985 
0.9201418558918487 0.15525211566902783 
0.389516254447116 0.8491371279641635 
0.021576859779779634 1.0005684511736577 
0.891778066094925 0.20583521201606525 
0.3029571469423571 0.9090293066928642 
0.5828131887873353 0.6616565842140681 
0.17333388679220424 0.9712450463979421 
0.13488797156088822 0.9848613072189605 
0.6013033495238704 0.639749357584104 
0.5366740836422408 0.7140296038726014 
0.7982814338165173 0.36455793559788147 
0.7398769775321695 0.45379177970857176 
0.24859293209752753 0.9394231165111727 
0.8292624898068841 0.31349343109147204 
0.28343867347462137 0.9206057400089619 
0.8147803356738831 0.3444573776453522 
0.375663002785834 0.8600274453780629 
0.5366740836422408 0.7140296038726014 
0.9041025615977363 0.18373661831911756 
0.951713168285318 0.09563866183383696 
0.11013295622877942 0.9884666757126573 
0.3868117796718933 0.8517538420548678 
0.9582808813780235 0.08368785454076501 
0.456686687583017 0.7938384720428487 
0.6686511145480614 0.5544235393750754 
0.32367711498185325 0.8962261567102093 
0.8154226342706901 0.33643997787200697 
0.8308659743089069 0.3110770342154333 
0.2963273861527712 0.9139041553939287 
0.12311188492577113 0.985978119560606 
0.7476397374223573 0.4428325056800567 
0.7827101991729732 0.38875932183635303 
