2.421246449894732E-12 1.0007129429970296 
0.9997422716556443 0.0018907391688333815 
0.8809453225219828 0.22523605838536506 
0.8369666442028907 0.3005933589170769 
0.207715400615341 0.9585039912841555 
0.6826667924003433 0.5349233697988894 
0.09002173482525455 0.9924868344264738 
0.6646381938909178 0.5592936918471705 
0.9916345009161978 0.02079576155984751 
0.9445848006629457 0.10955164883405086 
0.6382414753736535 0.5934929066787753 
0.5988099604994233 0.6458517110511731 
0.9612555655897481 0.07713074680919615 
0.9359351015293155 0.12524358544288908 
0.6239895416817458 0.6120153497671066 
0.8968659669321869 0.19717116315608382 
0.9057262665298256 0.180728001181367 
0.3511702453033956 0.8775990622538218 
0.47760768983556917 0.7731402119799109 
0.7765634805796983 0.39796813254922625 
0.11551685530383915 0.9874401008361365 
0.5648776938655792 0.6819663537048726 
0.26365100897909416 0.9312047347228796 
0.6603957994966312 0.5647719601028554 
0.5793170633354877 0.6653783129344049 
0.3423337330641391 0.8868997394711428 
0.31398937987979414 0.9026614727408572 
0.5978663537274456 0.6467706471297969 
0.8159331665560785 0.33618587748272777 
0.9284192586481003 0.14010451554703499 
0.8479153743254679 0.2838857540173551 
0.4872245916317083 0.7633668576552203 
0.4650423017970805 0.7845428656961896 
0.7230830589373233 0.4785553248761029 
0.8674766250250912 0.2488367938848443 
0.4292686712456054 0.821967428606636 
0.7015177455931971 0.5107277517985054 
0.9700253517773385 0.06048746392952594 
0.9740428027491497 0.05265574052237082 
0.7341609896532302 0.4622055571654972 
0.14508072467851263 0.9797976059641139 
0.6470676943059251 0.5827204439873874 
0.7874043283520421 0.3811289345221847 
0.9166202722532288 0.16481957198257952 
0.7126119638538302 0.49325485050016643 
0.16947138087157282 0.9720988794933909 
0.8554630753426794 0.2705957589001942 
0.8597093060682118 0.262569086435507 
0.5182680663167971 0.7339224516421076 
0.6177539318635373 0.6194702926737393 
0.44938276793756127 0.7992874361700816 
0.5584272387056073 0.6892886860586032 
0.24305936265822772 0.9416076161580722 
0.22994980040128632 0.9500646405169553 
0.5778138041707706 0.667229692575108 
0.25010939904226615 0.9382240066854596 
0.5249821858924955 0.725322270004394 
0.45789023022248915 0.791630548554352 
0.5091801627707159 0.7421971829564421 
0.2821054518576605 0.9214423153793214 
0.49679693804788216 0.7540956666516032 
0.7444939625622174 0.44682409464678763 
0.327376352400839 0.8935337248971199 
0.07041035915349325 0.9960166251018261 
0.9226986529677845 0.15079823129842798 
0.06475220060933162 0.9964496348442253 
0.6972102853614737 0.5151372667826607 
0.2770381112793469 0.9241247406598052 
0.2983257814024065 0.9117067225241232 
0.3660449888692399 0.8669385647340785 
0.8406537869785868 0.29452721277876615 
0.9530158334297884 0.09287201363054938 
0.7300412932713982 0.4680304837685409 
0.7547677593608937 0.431307803605875 
0.9917039391704456 0.020488562526036383 
0.18855899762312392 0.9652389481315834 
0.41414845954366875 0.8293248794596261 
0.6177539318635373 0.6194702926737393 
0.5488587926458037 0.6996210369702436 
0.2961765621217929 0.9129985051123958 
0.8159331665560785 0.33618587748272777 
0.7463274561562788 0.4442901074453571 
0.3803132881941961 0.85835685740321 
0.7708836800317365 0.40693517100561166 
0.9740428027491497 0.05265574052237082 
0.7146360723297812 0.49048388250162206 
0.5397130432904302 0.7150964664126338 
0.04395302732835121 0.9986901699096673 
0.02102568938392939 1.0001826775076912 
0.5025347491586666 0.7485627317327325 
0.17572946476036316 0.9702216461012527 
0.9537999765988315 0.09126906978595899 
0.12476113054528698 0.9851480409820212 
0.044115111830920366 0.9986266609587291 
0.3675794945233797 0.866054787368158 
0.3237512030162029 0.8980460802700664 
0.43434977717073486 0.8121820469924402 
0.13432992994947796 0.9828565394465854 
0.7622800368754046 0.4198938932379745 
0.23029446487212826 0.9498464946471626 
