2.962592661367868E-7 1.0006890421999848 
0.999975915050838 0.0014229145434070118 
2.962592661367868E-7 1.0006890421999848 
0.9465646472891609 0.10602814992396628 
0.9610868518176421 0.07918890663688012 
0.160644703600393 0.9750860752310112 
0.25771344504985166 0.9346987205993404 
0.6379729157223548 0.5942966848010468 
0.5351195477908123 0.716628118097089 
0.2322594444991769 0.9478253359368658 
0.47857606873628 0.7718614844420293 
0.6758430486648167 0.549234972898103 
0.937158733415184 0.12315873389610534 
0.4995786351786171 0.7516687792950508 
0.13721871158709348 0.9820502181189119 
0.5919562130767855 0.6507053216540115 
0.6600177752469051 0.5654577114663603 
0.5494856213108762 0.6988702197013058 
0.8258170541635225 0.3288770669700174 
0.8113584197594449 0.3434599637493842 
0.185100907334529 0.9665432488638048 
0.40435342563766163 0.8376115000294208 
0.9293910047470336 0.14010028160594543 
0.9962121813123456 0.009323373866008289 
0.7972019949836953 0.3663632229822827 
0.621030730970922 0.6155089754387522 
0.7599732866107652 0.42377169745269183 
0.5855616995076254 0.6578770397002487 
0.37590102089123656 0.8612643364263269 
0.5232467350828651 0.7274783871347115 
0.5171768526121819 0.7398323982829237 
0.7067601587166853 0.5016136097283694 
0.5734990112690904 0.6736190133322146 
0.977247848526831 0.04698662260244283 
0.34820721600404264 0.8799408978226142 
0.0648006932263882 0.9968000726227889 
0.8953665068949317 0.20023877312899058 
0.8052213074025806 0.35336435744884315 
0.031631074940076664 1.0000288471536831 
0.8378175919826634 0.2993756936540977 
0.5562176066435928 0.6919138076787308 
0.7213015267958759 0.48129537883375284 
0.5668211728924313 0.6800359368935049 
0.4332887602991605 0.8134959239855758 
0.6929997280365233 0.5213291417344841 
0.9045365765519433 0.1834333310915509 
0.6069159607380726 0.63291151764286 
0.9690100772293438 0.06280133248373766 
0.7672233082682055 0.4132559321270387 
0.7042295777602077 0.5052215861393299 
0.46335120175657735 0.7866490300118125 
0.3109932312206038 0.9041514775403847 
0.2739411821505443 0.9259795582437781 
0.01908525057960153 1.000425285606408 
0.3607241560182529 0.8710151267452059 
0.20571694378094696 0.9598843836261773 
0.33739285189512613 0.8872174416474345 
0.3899332265757295 0.8488422259608691 
0.29338106759765686 0.915100143056879 
0.8283476351200012 0.3151465407308439 
0.10372715898941776 0.9900544417019289 
0.4170873565138382 0.8270921807052645 
0.7733152354418753 0.40331870638479367 
0.32931537149391255 0.8926693393085792 
0.8879565668346001 0.21306631327447548 
0.47718413250918557 0.7819205730465423 
0.6193523724009206 0.6178688935327331 
0.9858736606789236 0.030308752479859525 
0.7422783037403917 0.4502359441828876 
0.8592957031061731 0.2633581483791776 
0.5032190329895226 0.748482390264452 
0.4556234152690715 0.7934941025358352 
0.8474716630381527 0.2835117531182265 
0.6078917980579012 0.632165522422548 
0.19374742895701103 0.964695841784641 
0.9858736606789236 0.030308752479859525 
0.9077050860976161 0.17794283827455357 
0.8775972220104046 0.2314457849733162 
0.850876403478856 0.27790909871136427 
0.861579313652926 0.259124842820024 
0.9220255670827324 0.15105116172526378 
0.6486974251849646 0.5822705634401875 
0.39267045833111547 0.846690398900805 
0.8337606092040153 0.3063104416095618 
0.6895064264960207 0.5256282098302457 
0.29997917230091553 0.9112058249293216 
0.27309042237510756 0.9266851599362853 
0.3667298373137022 0.8668437163803379 
0.6541900062184165 0.5734265846172274 
0.7876194806881218 0.3813954054704709 
0.12154677594027502 0.986104166855305 
0.788755158356867 0.3798696235198996 
0.7504988105925873 0.43823639617104587 
0.9724468725241571 0.056467123431364265 
0.869050857983414 0.2466651699340957 
0.4481463524453576 0.8000952574742771 
0.8705814177685919 0.24410240205261574 
0.22122749472015196 0.9519339846237718 
0.21515761221188878 0.9544901058512258 
0.41687791330073126 0.8275079453998714 
