0.9998886842166097 0.0013372359860542701 
1.4838441428717522E-11 1.0007330593935575 
0.8490560133458651 0.28024729331818493 
0.9819776783174354 0.039470454275472286 
0.2690891620288754 0.9285210407160179 
0.8899702197273847 0.2095984486685144 
0.36258221897950615 0.8692832519469676 
0.30083648612814756 0.9175758484188075 
0.028186282720041755 0.9996280071590025 
0.6072599374846235 0.6323078982815235 
0.7551617877759885 0.43078578149106717 
0.6595582312813763 0.5665221471987313 
0.3330452922444648 0.8898280250223721 
0.9018608283858616 0.1885122996819525 
0.06309391879609474 0.9969652076215632 
0.8565663633934552 0.2676040052373418 
0.5008272061472675 0.749848700140125 
0.9696840425567534 0.06094375448165307 
0.8668870759723132 0.24969563133578315 
0.7206584708146752 0.48373288617568044 
0.7090090076820047 0.4988924220536382 
0.9180130098948293 0.1585564490566019 
0.3815296140671038 0.8556448497239308 
0.9262109138439449 0.14314373542479206 
0.8282261011656565 0.315488130447814 
0.08947955506491762 0.9930043292610687 
0.1095481913366681 0.9887070351867607 
0.7675393732876437 0.41208641280247904 
0.9337505706077076 0.1300054792647905 
0.1415297800111784 0.9809305689236546 
0.15751329616359327 0.9763108069801519 
0.7801999730452537 0.39229684294739486 
0.538911643952005 0.7107194935506895 
0.7019545611102067 0.5106921430897824 
0.12535423470621693 0.9854035992518416 
0.729932187657373 0.47402765207808867 
0.24134638471971565 0.9425987903403735 
0.4878475110019279 0.7634517024525544 
0.22916849136091957 0.9482545728156971 
0.9898693587010161 0.022565155200857154 
0.6924397935206876 0.5220746380843896 
0.8282261011656565 0.315488130447814 
0.5863752733143373 0.6572516148689114 
0.17240297835101795 0.9710600394555007 
0.5664785015269995 0.6802232818739983 
0.6858221111819152 0.5304667564605398 
0.4103963222548689 0.8326065495152484 
0.551078857146451 0.697473504249701 
0.62203542268815 0.6141893282053694 
0.20126959024992933 0.96021734546005 
0.62203542268815 0.6141893282053694 
0.7721430457385893 0.40518162632545385 
0.8821713494632072 0.22292078117587683 
0.7880205870219071 0.38071809066675943 
0.7472349440277674 0.44271403215764815 
0.9934185142099409 0.014743369393419282 
0.8735947004798622 0.23798151254350508 
0.5117858115325689 0.7390173254827338 
0.47643446662533145 0.7741824118015883 
0.6463758530141516 0.5835427752553171 
0.4235113087177731 0.8220943618510622 
0.07289573088187279 0.9958079674993251 
0.2554699613962055 0.9355916665826141 
0.9650142432339037 0.06992720932925277 
0.3206600613115272 0.8983550703776371 
0.015439858385887018 1.0005733147059017 
0.9103501515480695 0.172885225963037 
0.7948219835691781 0.3750007199431924 
0.4379051459641957 0.809002333297053 
0.9408308793403266 0.116108724850079 
0.388897447538034 0.8502045707272162 
0.5759419994899588 0.6693218047861275 
0.6681611726173784 0.5549542387006701 
0.6367230487172525 0.5959445471049514 
0.5965864483910023 0.6456254596981684 
0.43402438999172366 0.8124250496657779 
0.7989861570756737 0.3629068079920294 
0.6367230487172525 0.5959445471049514 
0.35068800568634717 0.878178957344829 
0.943474008360951 0.11137888663339501 
0.5232021881507114 0.727226300806518 
0.8194967282064771 0.32976962792713505 
0.7379322998655251 0.4620079334207595 
0.18933303292635978 0.9650353453469065 
0.46649214859858196 0.7833958643972639 
0.44920811402858146 0.7989094159398519 
0.9595268810124905 0.08060698691552945 
0.6778513579442685 0.5415958518050918 
0.9076869961612739 0.1772028718708708 
0.5989552345534602 0.6422623849534568 
0.21650353495993868 0.9539974593853626 
0.8782467469940947 0.22985223056588863 
0.4176513086769138 0.8264625328710645 
0.950004534641501 0.09896138538702381 
0.35068800568634717 0.878178957344829 
0.5161975197696114 0.7343818477938023 
0.5491661620072044 0.6996874797156842 
0.18302161575766712 0.9672191812164314 
0.31546211296712046 0.9017124716688751 
0.48344509656025386 0.7696027215938696 
