3.4851490941463015E-13 1.0009101095120214 
0.9999809595159725 0.0014718406021804603 
0.853120636936557 0.2743633406446434 
0.036100699052926455 0.9997836909728675 
0.8745323400126287 0.23701565739753389 
0.6386389372435202 0.593824992579268 
0.6215178319918121 0.6154396323714251 
0.26989297076248686 0.9279712626923112 
0.5791004140114759 0.6658509173101911 
0.06776483903382574 0.9964299444718444 
0.9059714972910683 0.18142799595183048 
0.7741001192294363 0.4023620827803979 
0.7265194541266524 0.4740424812173112 
0.0820957066581004 0.9943281224509828 
0.29299554543151807 0.9157438811537127 
0.889153198202624 0.21078880301952468 
0.4531385478782759 0.7958950678961196 
0.1409283985023151 0.9812298788870908 
0.3233019083404779 0.8964279966849817 
0.7602580765116357 0.4232041816048446 
0.47159908342449 0.7784036649918535 
0.3111653156318372 0.904301485017128 
0.9633649917437903 0.07366120770631136 
0.23972896330080606 0.9435903303382573 
0.7459068144568255 0.44517699219750584 
0.5468709107071044 0.7022048886101893 
0.15766902623702533 0.9760273500817874 
0.1894880485385249 0.9701791176366609 
0.17022616750956399 0.9723515850841686 
0.4314546617664694 0.8149416693052772 
0.6068317370424228 0.6333256208342125 
0.8365840006722794 0.3016868155089437 
0.006389118068350574 1.0006397287498148 
0.3801917864618652 0.8564368981734393 
0.7125016875469774 0.49363271160094035 
0.9407193713736196 0.11723846280352694 
0.22563810883442847 0.9513609381987755 
0.4202295200665407 0.8248624768467088 
0.5572531051217368 0.6908706742462147 
0.8822591503880926 0.22339179202046514 
0.34744050376093905 0.8804450473019004 
0.6595995033045784 0.5660999783101768 
0.9176750189102002 0.15972796025628236 
0.4404055383501868 0.8074026476093004 
0.7158634537985271 0.4890505564845103 
0.654286712795197 0.5820313647094755 
0.8264236062702625 0.3184500113113831 
0.7887835089363653 0.37943270600025625 
0.5147218680107933 0.7362703343334535 
0.39486442706624425 0.8449199649009446 
0.6188327778379681 0.6283506907742067 
0.9936351996141782 0.01438474941423322 
0.7005599614398955 0.5103900925059242 
0.9355610905511821 0.12641641041607124 
0.7972306847695892 0.3662814890196916 
0.409686367814163 0.8333531043404965 
0.5974310421167892 0.6445083324080554 
0.9206244702698675 0.15440485677205304 
0.29897799912774764 0.9121894804870142 
0.6657711282289258 0.5587373926922766 
0.5974310421167892 0.6445083324080554 
0.8455395903203053 0.2870683266860989 
0.10617780574780672 0.9897066082957138 
0.6934661031502659 0.5204905954410181 
0.8975517625276238 0.19617443630883571 
0.2572031542517432 0.9435066578142082 
0.21907075189415443 0.9586346331394969 
0.2590391254814229 0.9340240199805604 
0.6452087909191737 0.5847152214158186 
0.8313419624150763 0.3102442082363306 
0.9480862057019869 0.10323513579848442 
0.359818540050079 0.8717243981741117 
0.3364471053937782 0.8879729374343549 
0.9288919464531796 0.13887661865518006 
0.7844819133354302 0.3863135512808998 
0.673861617850747 0.5469844503819279 
0.971038801067146 0.058454409920086665 
0.9499293010792516 0.09954309441090868 
0.6832832091565471 0.5346146200079966 
0.735091037780647 0.46183391761210635 
0.8192054884794708 0.33101221551325705 
0.684788319622284 0.5325449216370346 
0.44952591052903756 0.7987859722856803 
0.988328343392795 0.025508207344259227 
0.10662204712870749 0.9895777228877254 
0.48305670070906104 0.7677951606536357 
0.4941731897461721 0.7573363465573888 
0.9795590184323535 0.042844660812054215 
0.8007894321599034 0.3603859906501783 
0.735091037780647 0.46183391761210635 
0.8060023064151365 0.3520189634036999 
0.5248559163197962 0.7262778548356343 
0.12518879375735278 0.9852863577942583 
0.9566858864848611 0.08640605088615129 
0.533586104915975 0.7163712351539583 
0.47389765425208585 0.7764693321827499 
0.570701612956943 0.6753638831073818 
0.4859307000780844 0.7651046784967225 
0.9751895765114471 0.05094121930144586 
0.5387691564167485 0.7106878739110775 
