3.8885531613963805E-14 1.0005459363461386 
0.9999464835466276 0.0014490121414228792 
0.568219931275432 0.6786826097695401 
0.4259262320945749 0.8195454691570642 
0.2897444536709683 0.9169323213723066 
0.60415727031643 0.6362325162051513 
0.5549558310368246 0.6929795304056965 
0.8400915763025748 0.2955639722837163 
0.32159079061456697 0.8973514557773636 
0.8560045282452817 0.26869251573002906 
0.4639693250730573 0.7857865313934757 
0.4827502459079408 0.7677712107514058 
0.4418451797360927 0.8058445576776755 
0.6312097832552052 0.6026921513161392 
0.7763068029993445 0.3991452011878542 
0.5861188928338719 0.6573022072288408 
0.3545885006136339 0.8753355594795881 
0.020209078658232515 1.0002221348568168 
0.9209110243870297 0.16096919421511582 
0.8103645699107906 0.3444012304644516 
0.6413599254944105 0.589558316988028 
0.328612767275227 0.8928897603877024 
0.05553903338415384 0.9974675751559444 
0.7658144987128609 0.41462383110445067 
0.5276963722008713 0.722846270020117 
0.8676868773035662 0.24827928034296454 
0.4910166044960329 0.7598131979307493 
0.20739535426205244 0.9578433032511094 
0.45406584086054447 0.7947122610466878 
0.7592318036596362 0.42522102453602845 
0.11927948338639988 0.9867144107858168 
0.7252465689940273 0.47724900326434866 
0.21997864052412774 0.9522995459567902 
0.8330532189805824 0.307503884287378 
0.517182550476387 0.7336157805531555 
0.3768468182687925 0.8642621714974847 
0.7856746691932696 0.3840229556186086 
0.13656732415815812 0.9821729246616127 
0.5905945658466788 0.6530111420321612 
0.18998723602915815 0.9645127324572295 
0.40678838517582055 0.8353461201930186 
0.6224583368549836 0.6226977640644542 
0.749990285505472 0.44084660378900875 
0.247980663373614 0.9393401710118496 
0.7912677110178126 0.37497706466903646 
0.8805498090662447 0.2278050788865519 
0.5384365302430383 0.7110367434170696 
0.38832809180400135 0.8499458975458186 
0.08407460392841595 0.993511494800016 
0.6712588018174619 0.5586782102436858 
0.2612489680435256 0.9325228547940243 
0.7443316407691164 0.4474906202418298 
0.5051604122375126 0.7479448200171349 
0.3566588936543467 0.8737902003176852 
0.9379354528501124 0.12176909813775323 
0.6897189358590595 0.5253034011005415 
0.2704981386276832 0.92775805077475 
0.9574496396472378 0.08496593274829178 
0.825027148281599 0.32081406227748654 
0.7109615256066268 0.49585952834003916 
0.9670702431795801 0.06621731541048542 
0.884055057864066 0.221134525799827 
0.28220094378576577 0.9213493958352555 
0.6818902592158398 0.5372985325333965 
0.3992201258501285 0.841789214290657 
0.15012648940190065 0.9784251592447316 
0.657856904305167 0.5697467252171021 
0.9469920229761916 0.10490600842396446 
0.975193042322193 0.05081562554144169 
0.8168895525819095 0.33383558272684877 
0.6951805918597551 0.5181358175514218 
0.7998958816294172 0.36138818720697363 
0.9469920229761916 0.10490600842396446 
0.9646557355027838 0.07089850095083798 
0.044436242883384464 0.9986557286848484 
0.7348600252263567 0.46147749531169097 
0.9356144607861993 0.12631707438986178 
0.8964071185913535 0.20223740117730124 
0.9926113199555275 0.016243922445228712 
0.9285952013877423 0.13939643281908287 
0.5080103566348183 0.7429394452944832 
0.23524378247185324 0.9452830189575224 
0.9846694376089048 0.03142208209473064 
0.6550158347540933 0.5825454376904542 
0.10311943526339021 0.9904774937963573 
0.17944090330825685 0.9684738659674027 
0.8919725299081 0.2057370622585033 
0.9826821455420808 0.03615537560940372 
0.9099948358452901 0.17356402376681 
0.7356347146256311 0.4605756346070812 
0.8620348873374636 0.2580335855985055 
0.990760770966448 0.019871781002859534 
0.9027159457406013 0.18616057287891388 
0.9280694996143912 0.1467681093940538 
0.7041515696330365 0.5053943791480079 
0.9015563458275244 0.18808501552445608 
0.6776582091965118 0.5429812906242908 
0.6224583368549836 0.6226977640644542 
0.7997569048597781 0.3616474429488106 
0.9792679499825812 0.049729217501936464 
