0.9999615266397193 0.0019191891301050157 
7.675817153132304E-15 1.000950150168398 
0.44887440327136985 0.7997495211994265 
0.018219627249174003 1.0002809764481644 
0.47018410766108903 0.7799467256745376 
0.9327552628773712 0.13147904752749548 
0.4336128776203542 0.8126609965308662 
0.4166022659384264 0.8271386511876373 
0.26185610321876923 0.9321142723782222 
0.40145229559688217 0.8399347383519449 
0.9157922095891511 0.16289700460677753 
0.7285443710258857 0.4705804064924227 
0.18798400939248505 0.9658921450741333 
0.06089301481219905 0.9970524841789421 
0.5079661101306914 0.743198600741299 
0.2840090158890417 0.9203830244723604 
0.5830269585697037 0.6610869610658348 
0.24686190626001075 0.9400305714300197 
0.09879889325852143 0.9910756147224026 
0.33763398353675184 0.8870927543569612 
0.6803907892837979 0.5380313147238726 
0.7817987957156548 0.3903112727190512 
0.8114021700257539 0.3430136574399482 
0.20904954732032574 0.9572625351684694 
0.06353916331752157 0.9968976333052758 
0.9911616351980751 0.018748656952625085 
0.7129350385271236 0.493448511603886 
0.48137177776438617 0.7692092186748549 
0.7997064505811384 0.3623205311343268 
0.8993221416851793 0.1925579713496969 
0.14627361906097552 0.9794413083333495 
0.6540844188637687 0.5732898035160097 
0.23024534655092752 0.947871841525756 
0.8573436966136777 0.2662498835980525 
0.7567885145556438 0.4289492042154084 
0.8869097170558231 0.21471169856925806 
0.6309992564393565 0.6030710589604173 
0.31514232913128454 0.901585925069457 
0.3864762523066997 0.8520139053959486 
0.5161103486532721 0.7347159647439109 
0.6986100572929907 0.5131345956879744 
0.569727718285843 0.6766470970139405 
0.37548127807765075 0.8603650647247567 
0.6889133886934238 0.5265961575766911 
0.8428795405139663 0.2904469876860088 
0.6422868849277819 0.5890693918871708 
0.7111347001641917 0.49623745613396836 
0.6088218743013383 0.6391347376246831 
0.5335950134033859 0.7161924069643382 
0.9811263376690575 0.038976632218544076 
0.6598419291399906 0.5656437059706018 
0.3597551819517047 0.8715119340913156 
0.8678094236341533 0.25069688682935426 
0.9065053175701115 0.1794161727336019 
0.874530733949124 0.237083539609066 
0.5549803913544438 0.6934509794303105 
0.5261215907997715 0.724323242902382 
0.84580655888824 0.2855468839422567 
0.9730682439298803 0.05528858531372538 
0.7696578855679822 0.40889471288235824 
0.764944192019476 0.4173608938409392 
0.7384616142125168 0.455940762814256 
0.17351361576704039 0.970892859825896 
0.6222849623173267 0.6140875387413309 
0.5915853089250763 0.6510393315340536 
0.3424193355046549 0.8836693511352984 
0.21886058523622456 0.9528451592126111 
0.5479834503006002 0.700517956444805 
0.12200700241582102 0.9859858214892954 
0.35577801581637536 0.8743555569442202 
0.9520163247691572 0.09525770382679567 
0.7951365412381962 0.3694645661307803 
0.5973906741782207 0.6444037896220745 
0.49321834276684506 0.7602427095393722 
0.8325242030241928 0.30804891106191895 
0.669844196334925 0.5525717092849763 
0.8164666104992607 0.33478163914607156 
0.9665945050928848 0.06758031238094984 
0.7467208382111676 0.4440457211871719 
0.821968762159751 0.3263342745269969 
0.6391567029365308 0.5927816516194818 
0.7493683599603014 0.44088316344431966 
0.7377095073982847 0.46670458122252584 
0.9800600305021149 0.041386904296013015 
0.5635873641046117 0.6831762455299787 
0.16069250921100858 0.9750965406804242 
0.1030557885230998 0.9903014371506408 
0.49321834276684506 0.7602427095393722 
0.1285777585227997 0.9841124889377182 
0.9372922425010304 0.12264743315631066 
0.9591127806475852 0.08180670923369189 
0.29767921933941366 0.9124447641549198 
0.696675854741354 0.5187253848639447 
0.6687102446395032 0.5542222068302177 
0.9422973815308634 0.11319015741170757 
0.8856744408587481 0.21714445848982097 
0.9601686974819492 0.07999284014457572 
0.2925673662426346 0.9151568622566304 
0.9141532442618746 0.16720092817280233 
0.9017658866527679 0.18826930243734227 
