0.9999055845369499 0.0016327099347707252 
6.414916424729938E-11 1.0024776175524646 
0.8758720235060452 0.2344966170593947 
0.4062216761348615 0.836231419897848 
0.9836065693182408 0.034639964400873365 
0.7473923676077305 0.4428305626937157 
0.6743823403226875 0.5463408733194356 
0.7315053053045494 0.46674946437815895 
0.8938135004405068 0.20277562229590115 
0.1778207570724029 0.9693807816158565 
0.1910610342914695 0.9644918513682375 
0.2807960339030161 0.9224654799199491 
0.9062892260741949 0.18072482117292904 
0.06440699842937475 0.9967271621381584 
0.8683557486474315 0.2478247739917263 
0.9497349354583753 0.10318417183738882 
0.33098084636191827 0.8914335075649326 
0.386152047735592 0.8519706959023274 
0.11596761725456312 0.9877148339297033 
0.5292578570616013 0.7212174176530101 
0.8582989808570178 0.265175788049186 
0.6373100210762278 0.5955990862864093 
0.09750756300952301 0.9914497964772538 
0.7069254721997381 0.5018167863875954 
0.7160410900792856 0.4890008071094326 
0.9732791217241521 0.055288127727976595 
0.835499825666725 0.3041300574062351 
0.5877985537073375 0.6561544503625217 
0.6267591685737638 0.608436269583084 
0.9432687292379885 0.11288193136053766 
0.9230002716252008 0.1499967211472231 
0.42414899158602815 0.8225074355817258 
0.31017242605984285 0.9048300108688612 
0.07923115335534875 0.9944304021399336 
0.841720885971949 0.2941628696832534 
0.7766475860244777 0.3991778600547418 
0.5793651409710798 0.6655515705250853 
0.6830505364555817 0.5348956802396131 
0.03596144294030418 0.9997199595961703 
0.4431055405778517 0.8047017501223347 
0.42761627549236425 0.8183645973293415 
0.934810724929166 0.1281098473257288 
0.6460716698822584 0.5842099214309279 
0.15170143140922332 0.9780083970914503 
0.6008400648457684 0.6404169250387574 
0.5512211178397086 0.6974040202966723 
0.6919864765443956 0.5264540044537599 
0.26557423667820823 0.9303829715555566 
0.38045505359516935 0.8561954350084858 
0.217183991698018 0.9584954688563238 
0.34889530688355697 0.87924909238669 
0.5508023250400365 0.7086354531003715 
0.8963719296820276 0.20149388446761526 
0.5638545050039208 0.6852457469917062 
0.22150200339501144 0.951677753266172 
0.25733063098433107 0.9347004893777927 
0.785160926998824 0.3849729948540234 
0.6529256692477517 0.5748872423061656 
0.7934007014488519 0.3719910254332897 
0.24003678275289425 0.9445551011840743 
0.5093290591746943 0.7451296752451576 
0.816979760539631 0.3348359974470587 
0.7706788223937329 0.40840350694426125 
0.4667284705397867 0.7830936548412742 
0.8076717895125763 0.3498260206375036 
0.614285713355837 0.6240010007412573 
0.9646348673338457 0.07196390134888317 
0.9926633965074955 0.016703696029517233 
0.9161472356542113 0.16233912547247456 
0.849524067076943 0.2799254775314466 
0.5982593817798085 0.6439623469907215 
0.4778968645385094 0.7824956445709949 
0.9139683450664553 0.17041957311125727 
0.365861837832012 0.8672528233149395 
0.48800185327032053 0.7671850569524958 
0.5255817739931343 0.7274149962222287 
0.24351067510022817 0.9418084343437337 
0.010247615665998189 1.000916275451354 
0.9595147556355297 0.08158286112074659 
0.6599672610751453 0.5657938337287747 
0.35157439865268836 0.8774111022677756 
0.2971390842885653 0.9131252052872559 
0.4956043931052638 0.7559359562285807 
0.5710394790466629 0.6770431418891105 
0.48149143158693575 0.7691950496767823 
0.969437606963212 0.06156614964328196 
0.82627332481441 0.3195749491643486 
0.4473340576012015 0.8008340321854199 
0.6192139624475896 0.6178752940913131 
0.49889540101836494 0.752390957836346 
0.82627332481441 0.3195749491643486 
0.36465090630647085 0.8685776058397012 
0.8141822117455331 0.3392033531487094 
0.1334398032500152 0.9831654295020472 
0.7264898166688677 0.48026149734488705 
0.8521604921901692 0.2753359580509685 
0.6599672610751453 0.5657938337287747 
0.753530856274576 0.4338338930498856 
0.8013939724968807 0.35916109269438107 
0.13471382515440017 0.9827112028150286 
