3.7346762597943646E-10 1.0008359843599406 
0.999926892817404 0.0010850317353625952 
0.4648149383818833 0.7849140306182771 
0.8739698384586321 0.2374329594303303 
0.5066892124181542 0.7448633737599318 
0.2865913157657136 0.9187936524340199 
0.31937949660451015 0.8986249904995403 
0.44150136077843505 0.8061771874709354 
0.5231408558800323 0.7277520535520576 
0.5412142851121133 0.7147026656147263 
0.9681958367834435 0.0678718374939848 
0.9545679935940483 0.09054057777315598 
0.6962437951314511 0.516463168602505 
0.6077226250275451 0.6316615302599737 
0.5761037394251011 0.6688310513508187 
0.5614416419302034 0.6856872715932334 
0.7367348938091932 0.4582623763456559 
0.6187810830345514 0.6180609327960827 
0.8176305350758359 0.33273175827856266 
0.7974215963269108 0.36540620607530516 
0.8955750275176405 0.1996311247582278 
0.1686489262579759 0.9739902130327442 
0.6815720236369136 0.5370731035224459 
0.9105239300399447 0.17249782860338794 
0.7712606772732231 0.4064331116355021 
0.7487210525007244 0.44034600389212225 
0.9436475166296865 0.11315628683450345 
0.9240980802364128 0.14784452498976175 
0.3364956056875671 0.8874012229368219 
0.40229412011300536 0.8391817335061879 
0.7933477917567263 0.37489740526727094 
0.18430043259449555 0.9685216461518775 
0.39241087140983905 0.8467331514852814 
0.7038141011872522 0.5058974043920313 
0.6610278597292035 0.5765465715764332 
0.7127877456620648 0.4937038527198392 
0.2686580355550316 0.9305127516072068 
0.8303309211940872 0.314361865684605 
0.6430647316074565 0.587841716502445 
0.9854267079492913 0.030838376202955087 
0.9028706033680947 0.18691098493376082 
0.8098527989138357 0.346256692917331 
0.8627907023826755 0.25695370237257115 
0.2520179683925371 0.9374138223941464 
0.22526247190325838 0.9501973934311394 
0.84130848816804 0.29408156707969085 
0.9740507152125257 0.05305294090618398 
0.19649242908839645 0.9621562468371753 
0.8955750275176405 0.1996311247582278 
0.9788542314342181 0.043679187025271356 
0.5088990774074319 0.7420112059659248 
0.9483348027704211 0.10264190253657526 
0.367661229262652 0.8654202093586079 
0.723333191467728 0.48662506878546236 
0.1085374385868727 0.9888892618318557 
0.9334779545476984 0.12965180780409333 
0.5508124901918496 0.6976597862238635 
0.8541500604576213 0.27399873155595283 
0.4150047177696257 0.8286780291005904 
0.36123457701690653 0.8757039993889865 
0.6316811363296567 0.6023692287012484 
0.6734008637396569 0.5476902728664762 
0.6478618428193887 0.5815027266150076 
0.022188659773997976 1.0002940471293302 
0.7650264214349386 0.4157869754705623 
0.6295396762255496 0.6047606530609991 
0.06632332700754567 0.996485526078779 
0.5950319875636361 0.6469756693875365 
0.7819884758165516 0.3897413722159072 
0.08882588993231066 0.9929630643489226 
0.3798361997640253 0.8563821869833536 
0.23863409908012317 0.943775668756685 
0.4191241772198856 0.8253854562344792 
0.7289408808226348 0.4703037880718803 
0.08516851472328904 0.9935444060608444 
0.6647527810785518 0.5593896029586628 
0.8607481112275113 0.2603159468741396 
0.14959853731253803 0.9782336181659965 
0.7819884758165516 0.3897413722159072 
0.833135635999376 0.307369638328358 
0.20953057806893793 0.9568607287323639 
0.7536632038383401 0.433130506886308 
0.9323780176098164 0.1328654171052577 
0.26381106663992754 0.933169498832827 
0.3500974785954869 0.8783429318586862 
0.9252778132679297 0.14559189298981 
0.5850972433074125 0.6584433820116109 
0.34444134119942915 0.8822724900703428 
0.12111703273012508 0.9870437439203759 
0.04176098716077131 0.999124648025318 
0.8462554769035848 0.2855693504316299 
0.43073012206194283 0.8153991801246425 
0.9084748447018138 0.17606884728031055 
0.726002932156345 0.47396617733583973 
0.4296023296662756 0.8164301178845105 
0.1479041404898811 0.9788615751389071 
0.8115502921434675 0.3432416873773692 
0.3771999703041463 0.8584901607570268 
0.9912571706546716 0.019284602742242033 
0.028218238876726115 1.0001964730020942 
