7.1712935509869475E-12 1.0035558268307425 
0.9999538425765077 0.0017488055540828295 
0.3888985794289316 0.8494638210406013 
0.8303964822226134 0.3118754269267862 
0.8521051903553977 0.27519001030957113 
0.9736926741090978 0.05386029140036019 
0.8412108251199747 0.2937291980233585 
0.8933062022410426 0.20316298820504874 
0.8648207342910024 0.2534821280849119 
0.36145440576236226 0.8702479415132346 
0.284096961535918 0.9199962775343715 
0.9066428370329209 0.17977893401171532 
0.5650215055885971 0.681858055232875 
0.8165031882539099 0.3349851997709962 
0.6881867320029234 0.53241954671865 
0.4612270922617814 0.7892131982062569 
0.10012722101101196 0.9908904552814408 
0.6717621992176399 0.5540179941824905 
0.7783739399071851 0.3957592388383194 
0.7168325081957365 0.4874859101388418 
0.6999948364477202 0.5110940496365185 
0.5361783129951063 0.7137945981978736 
0.5249886057025597 0.7257419385805214 
0.9630360842308605 0.08029199597651512 
0.7909602765385971 0.38084507114945937 
0.32491919901991995 0.8953782860545559 
0.6413546704692641 0.5898881641465497 
0.6592949427863548 0.5665877275018155 
0.44741777192252574 0.8008466862320481 
0.3052582775385069 0.9082659234301913 
0.9528300013223514 0.09393610042958869 
0.47238355753416034 0.7777290553547932 
0.6200014985252644 0.6198817967379596 
0.5783361934707214 0.6667485834631451 
0.514114059199936 0.7367538213380956 
0.546697309322431 0.7021062076074803 
0.7493618120672574 0.4399474334664058 
0.6822057875579731 0.5418876968603894 
0.24593367361614993 0.9407673525536709 
0.7264669407864857 0.474130733286579 
0.33090619500924384 0.8915816096972391 
0.8720699740192804 0.24103680085776402 
0.48720800205116005 0.7633320304556456 
0.6307236647455006 0.6062865985350255 
0.34687761131105493 0.8804972007931685 
0.21141989721465426 0.9562673555412068 
0.4028878216119773 0.8390420806353093 
0.12147299760417515 0.9857233913531693 
0.9412438314870469 0.1161074273913087 
0.4298277165446678 0.8160561973640398 
0.055299536661715165 0.9978653216133474 
0.4397872190149119 0.8083165998598847 
0.9289797288280315 0.13860489803626386 
0.7954821069891505 0.3692597459708313 
0.14356072069326217 0.9801107096964998 
0.9186909073840406 0.15745075988568824 
0.17571909298018945 0.9698951712586433 
0.8782696168503449 0.23015163880214096 
0.2649031311200647 0.9308081458376188 
0.9306868208836163 0.13532162979207926 
0.49953612889152166 0.7517759687534857 
0.019180392772461807 1.0005647330191656 
0.0817476894680483 0.9939877233606987 
0.15330426323133076 0.9772667555575457 
0.074223700294205 0.9957431789552218 
0.9447854195920484 0.10949475098824737 
0.48097188352879205 0.7696937698799314 
0.9811429813229982 0.03884939728525055 
0.2639793103340624 0.931208751718041 
0.1280606296323967 0.9847147712374115 
0.8856678363022076 0.21700715700456977 
0.5926863414486159 0.6564565509094873 
0.8131648695961862 0.34350932513289506 
0.7702874193553452 0.408464457933513 
0.7599986027326495 0.42406334029831355 
0.7068967560310029 0.5016354621570025 
0.6080331808273893 0.6317360742319684 
0.652085374677766 0.5760063544125525 
0.9874267231050635 0.026456479042752418 
0.7592491030018191 0.42971259457052796 
0.8094175364716492 0.35486246652790243 
0.40827559837788796 0.8346701263189883 
0.29892609962779815 0.9136513328548588 
0.42151562009846283 0.8234188772451528 
0.5830951935861046 0.661190963406796 
0.647829816968299 0.5812990424379866 
0.604262903783657 0.6453852117842784 
0.41668050902215864 0.8275725673211365 
0.6255758592588312 0.61018635055049 
0.9604162697598704 0.08530555392602443 
0.1946602322595023 0.9627746706897777 
0.7460305589553553 0.4546545948165658 
0.9940417801348634 0.014111210376200454 
0.5955586937898251 0.6464065209117835 
0.5547041327598617 0.6937405295880997 
0.5058848618091047 0.7451655307097275 
0.7703017405292952 0.4075092457477376 
0.21949874555756665 0.9526966362304358 
0.8834784962999973 0.2210224851353355 
0.7373152622720346 0.4583277497635755 
