0.9997630667459876 0.0014769909873530288 
1.7177809167910589E-15 1.0005791710969338 
0.5828957635334513 0.6610158930696359 
0.14226613160660284 0.9806595505356457 
0.5649446570587503 0.6850544371124698 
0.1130329503199286 0.9877639466777111 
0.8324207028944434 0.30799280448573696 
0.9823118035422791 0.03626042182359304 
0.1713274089625395 0.9715116220351838 
0.3672247584953289 0.8658668147816827 
0.43773417449255414 0.8091702628035099 
0.6033408595491525 0.6367862467608963 
0.9968405285345856 0.007482491598515497 
0.7490348599912932 0.43973865437588516 
0.8229681947958845 0.325607998403971 
0.032691559371843926 0.999293726171273 
0.3885349866166419 0.8500713983825879 
0.7781306089124002 0.39535478201988505 
0.8854639517144918 0.21690407512847104 
0.8140006152874819 0.3386124139965942 
0.84539159333157 0.2865462568677988 
0.41599437784288756 0.8279440276093999 
0.905425412231527 0.18288152984665998 
0.3945956757945006 0.845097729804806 
0.6138795557434216 0.6243984647984555 
0.928283657850971 0.13968316720651788 
0.6271387521082497 0.6077463751819715 
0.5242753817533953 0.7262946236803042 
0.873001045190923 0.2391616482336363 
0.46710418517849905 0.7826137358213018 
0.8604790351450124 0.26139041565892746 
0.7372286704222595 0.45731778222368424 
0.5501514537867974 0.6984069512693214 
0.7767628342890933 0.41465241085778964 
0.0871416137458847 0.9930171928449025 
0.2217999132615246 0.9515712385277417 
0.41335384891377236 0.8299443640248308 
0.670346069888401 0.5517537182979955 
0.8049035076626567 0.3535564451861135 
0.9123510308083321 0.16886294342875796 
0.4540196724877843 0.7948112225350376 
0.20955404888727536 0.956910809384242 
0.9405455635049198 0.116265027093804 
0.4907623170785489 0.7597193618707629 
0.9776692101176951 0.04566566468473863 
0.6551216030562099 0.5715552086507892 
0.6618800163179686 0.563169679011855 
0.6469472004120633 0.583448303250529 
0.8757668081078931 0.23404304216890218 
0.4997999773386119 0.7509951965365884 
0.8963447724137402 0.19783461709630668 
0.18543716882052724 0.9665450013240869 
0.005943490184444011 1.0005440933365117 
0.19611044144933748 0.9622503192633459 
0.5439767286483976 0.705110278691002 
0.3371040165621617 0.8872174161373148 
0.8518060713980251 0.2817543738171947 
0.7249155232740022 0.4760124587348078 
0.707312189603436 0.5004889454117826 
0.3240493725132943 0.8957199922077541 
0.6905545069781499 0.5336700199181472 
0.27481570961846863 0.9250170750560721 
0.9503031728179401 0.09832633376592757 
0.7369045056643188 0.46952911884299714 
0.763081802654069 0.42079123188294354 
0.2515951221246602 0.9374435086455655 
0.8927262154770986 0.20451446876986884 
0.6399776859940569 0.591257049379213 
0.28530423048993275 0.9193851702978978 
0.05219522867791283 0.9979738009742899 
0.3556078291800361 0.8742357109448159 
0.6333638260563674 0.5997592289803562 
0.48170342927790394 0.7687166602584394 
0.7991867621623492 0.36302994039902053 
0.8575409701189973 0.26586290799613216 
0.9623637733170586 0.07588478123166777 
0.9200192289072561 0.15468651389684787 
0.4774285569761968 0.7756926416621392 
0.06032939883183297 0.9971969078278333 
0.6942447233296617 0.5187102251055116 
0.7169863658654642 0.4868360077449007 
0.9360761463907014 0.12659628132935635 
0.7885288477500146 0.3797827281535265 
0.2650934714834674 0.9303130389919105 
0.9513321344667716 0.09601960539291739 
0.5128154563760773 0.7378744894986465 
0.7885288477500146 0.3797827281535265 
0.31272985430169764 0.9029357930376294 
0.6780639792677108 0.5412811914553168 
0.9594257329074166 0.08064245181912787 
0.9697580501168268 0.06070408223183243 
0.7076197009845289 0.5000415184942398 
0.30188057476908536 0.9097173439799562 
0.6070310759006644 0.6323527497310172 
0.5084173521762823 0.7427797072744031 
0.2373690967150573 0.9446344569910572 
0.23640128801001048 0.9448878045670143 
0.3437965052360056 0.8824418420129035 
0.7584687913234129 0.4279324416107971 
0.6942447233296617 0.5187102251055116 
