5.960498111131852E-16 1.0007019584232568 
0.9998847448455149 0.0014964430393306094 
0.19690319381716043 0.965711930392499 
0.4784961701197268 0.7718348469957649 
0.4231438791359459 0.8216285076823571 
0.7669737178762226 0.41291683321003186 
0.24714953276193397 0.9395667418359949 
0.3558940453661493 0.8740164163153584 
0.757440665364436 0.4273175519078682 
0.04137130720915941 0.9991966108398795 
0.9771660222693921 0.046837691582706856 
0.9253067311495066 0.14507543237702414 
0.7113913406676088 0.4953248919365096 
0.49668116392387684 0.7546668450822831 
0.1606483537307435 0.9749006644730996 
0.6786767027747023 0.5408893449896164 
0.3759148590010867 0.8594629140167427 
0.7227695828222791 0.47915890470332406 
0.55283809444156 0.6955951580422501 
1.5952505332758261E-15 1.0005770959407376 
0.2139179989987568 0.9548706874264663 
0.5931304973849133 0.6495110002689402 
0.8295921085243909 0.3128410876283579 
0.9082407595815126 0.17624766887345517 
0.051815308170343355 0.9981789428015647 
0.7457667812838837 0.4449267422109847 
0.08602268571543895 0.9932375336297031 
0.9006626643701234 0.19035438633725507 
0.6035862396040802 0.6369778076553948 
0.27200586422275536 0.9267749508236648 
0.8370650352689334 0.30069377260872077 
0.8893153863899992 0.2225850157825044 
0.9654974775667188 0.06905392519243889 
0.2970579078840565 0.9126919426878035 
0.6474061668899385 0.5819530821365274 
0.9358216462902463 0.12527698173957183 
0.09340225148064257 0.9919520034661108 
0.9479739478745685 0.10294830239885337 
0.7027720861262646 0.5073115623784857 
0.8212456654594836 0.32681026115469053 
0.6189980162294595 0.6177777764449157 
0.9838848467995596 0.03670242477690795 
0.6356556726625717 0.5969097799875338 
0.8485843646130237 0.281333152425561 
0.3443505326514188 0.8826905445922156 
0.2346979564049297 0.9460199310670233 
0.31671041171768505 0.9006262814403656 
0.38130850944425987 0.855599425385308 
0.8162759242891284 0.33490710196336726 
0.997059652812277 0.007238744045195587 
0.5792950225665182 0.6654443299602205 
0.8087361934648103 0.3476016299480813 
0.949425833787171 0.10009328449944674 
0.43998780674513843 0.8073142622300393 
0.30938381093952794 0.9051640523565746 
0.8682667767785053 0.24781588690698653 
0.8438192647992145 0.2890704073701325 
0.6967238125640219 0.5161268497306045 
0.7289553186387744 0.4696082642523653 
0.4638565090924155 0.7861329025775907 
0.5364073591371693 0.7132779728729952 
0.9594286068827835 0.08066920390900333 
0.9352708038059124 0.12676145428414082 
0.5657931207681713 0.6815226798505422 
0.5824673388546653 0.6622591414507968 
0.8647149945690454 0.2540402110391885 
0.7350440702097838 0.4608134212671057 
0.2241993893807981 0.9505087221492029 
0.567134707779551 0.6799550952124053 
0.11684295699061553 0.9873884599694898 
0.2862966737217818 0.9187468196364766 
0.1595813366016604 0.9754217848017307 
0.13868653923374807 0.9814507418059819 
0.5124968716987047 0.738037436318399 
0.9181417042958414 0.15805484480385987 
0.9153359263380307 0.1632061667883539 
0.795014719944804 0.3692552352069726 
0.780000063483521 0.39283390201302404 
0.6679373275124707 0.5548651110569117 
0.6967238125640219 0.5161268497306045 
0.5277855269341597 0.7224056150727088 
0.8945653853452618 0.2016793093787006 
0.6421273749283758 0.5887281898441201 
0.7410888738286271 0.4520730692753889 
0.8910152425507314 0.20749692407519713 
0.6621165106793881 0.5720846416531287 
0.8757705139156461 0.23413522657390526 
0.4082047641495543 0.8341264443196355 
0.4082047641495543 0.8341264443196355 
0.8776567461746457 0.2314069125091161 
0.7872807616027588 0.381349309453379 
0.3948826388905682 0.8450525576876778 
0.1291269310471649 0.9863141360044918 
0.3300804849551911 0.8923498186038604 
0.6781354652744638 0.5416482107798787 
0.780000063483521 0.39283390201302404 
0.39512315685647476 0.8444825102532457 
0.8566408768470527 0.2676330697698318 
0.6019543779310298 0.6395309948511527 
0.4528294821347878 0.7955956577592921 
