2.5199113316738494E-15 1.030910771270089 
0.9999807873024771 0.0018813706935269369 
0.7469337553078095 0.44379546931741115 
0.14167804655136063 0.9809512722132246 
1.861814518873862E-14 1.0010074076589786 
0.731358176694549 0.4666661949510659 
0.683587389897151 0.5339442252654852 
0.7902487431395874 0.3773743962575926 
0.8631002740801184 0.25698459273807406 
0.8855591887283744 0.2177872581227953 
0.837022465998705 0.3012745921127584 
0.8325886858136258 0.30907714099188055 
0.3353070709422332 0.888758677427654 
0.7013781582494981 0.5092626859996401 
0.6264415475197539 0.6093830155611757 
0.8715711080880587 0.24253458403343187 
0.17434726501603398 0.9749152372527595 
0.35219505699015125 0.876921973723879 
0.7614228600041797 0.42301657486751576 
0.38599695761359154 0.8521879382531437 
0.20562499793690123 0.958566021356284 
0.7181267948314813 0.49136531301643416 
0.7785855347990205 0.39599086877139195 
0.2973305582886165 0.9131721295560066 
0.453034295059605 0.8014807962251208 
0.8516595315362858 0.2774484634764702 
0.22111897505380002 0.9526081522411765 
0.586638539944131 0.6572724442309623 
0.08303158575033785 0.9944636652921055 
0.43309662790112613 0.8138695015235533 
0.4940734804305311 0.7573462388889806 
0.26851507381134315 0.9287828571890457 
0.5658402913465679 0.6813120503166161 
0.9174710698391243 0.16074299598084643 
0.11956874447764526 0.9866639857237866 
0.31388489085042415 0.9026013885452591 
0.8792275841894505 0.22907112938512433 
0.9741059515105988 0.053075546451301504 
0.5270195300727426 0.7237139452817357 
0.7215714032038046 0.4815001934039124 
0.03251510495837312 1.000323077395451 
0.9666416297531654 0.06750479558563224 
0.601674004157403 0.6390771515498583 
0.2577032254376584 0.9347377368449789 
0.7738242553716472 0.40331845857078946 
0.36884665209487943 0.8653011876025044 
0.41122644679430326 0.8325080834237731 
0.6177417108913847 0.6199022379967085 
0.23449517492958188 0.9461142663777586 
0.24461725646300853 0.9411881601966838 
0.7037324182649506 0.5063193558110628 
0.8979070354315453 0.19658751359753449 
0.45531645668149556 0.794342839386602 
0.0566754604387128 0.9981586793375911 
0.6009532686362752 0.6400996681341348 
0.10093663030242442 0.9908951419925766 
0.910099306498207 0.18557471717521726 
0.4231056055064955 0.822496961729159 
0.5525503434067223 0.6957981622258194 
0.9797498176193024 0.04218340543317341 
0.5367328258923116 0.7142178394519003 
0.8102174290343561 0.34519747293016323 
0.764238551320694 0.41802365903410454 
0.9109947498661558 0.17577723772963413 
0.8527557268416106 0.27517172413222707 
0.9236825077134242 0.14859513808533484 
0.818311207606099 0.33275603589645625 
0.6633429982696003 0.5646325008039974 
0.3973810141854441 0.8436072117906477 
0.7987243371190774 0.3640291453221091 
0.9851914461752178 0.031749387722147325 
0.06637354577003496 0.9970418954360277 
0.37307098743541334 0.862151758404282 
0.4687935527080881 0.7817666379789567 
0.5426690611150269 0.7071989112691939 
0.1908677770121962 0.9646788971865378 
0.34351606826944636 0.8831448819001195 
0.582428849532109 0.6629154897279341 
0.6540424871567929 0.5733275055955194 
0.9647940683232762 0.08108957435714578 
0.31193828577872934 0.9038908408276172 
0.6441957126082598 0.5870731521843916 
0.6431773285969427 0.6010356556447075 
0.818311207606099 0.33275603589645625 
0.036055704617341894 0.9999667335196779 
0.2835759964819956 0.921087013300111 
0.46832544046244107 0.782759961474929 
0.48347619683960624 0.7679639600878098 
0.4036600887529773 0.8386379615355097 
0.48347619683960624 0.7679639600878098 
0.9474061597250183 0.10474814807571427 
0.9521730021283553 0.09570599042323408 
0.9901562749840902 0.02152120687081819 
0.6499254354246624 0.5789144954558252 
0.8980366812522557 0.19592308003265435 
0.9401984689496798 0.11796173365512719 
0.5734400057924961 0.6727001809881262 
0.18665809289397842 0.9684572012717845 
0.5035384544394168 0.7479843695966617 
0.5087835387483034 0.7423962956157155 
