0.32554347170439224
0.32518329025753107
0.3260623694388207
0.32627679059071985
0.3261557393515933
0.3261076622179063
0.3256914376919448
0.32602190781084406
0.32575233915351653
0.3257230269244858
0.3259155817905681
0.32640033799735485
0.32626398666619627
0.326079537102839
0.32540883003377574
0.32640904099627777
0.32629293549610594
0.3263010626814279
0.32650411635665444
0.3263058922270402
0.3261368066948931
0.3262920075080782
0.3265230345021041
0.32603689278267656
0.32623319509227483
0.32560462041756943
0.326149529007892
0.32652000809037224
0.32596250779456465
0.3261013547076057
