0.40703333246080725
0.4156149706989349
0.3487721918049225
0.36742980551546417
0.371184382245205
0.3731063838886443
0.4176431742491671
0.356962674126697
0.3737030480074633
0.40917210340350835
0.3881342103660012
0.41318060732057615
0.34231021126680916
0.38882992948789946
0.4702856960060398
0.3325336797216369
0.3782721823109217
0.3574303971501613
0.3712471195971135
0.42677701918322425
0.3626834347600181
0.3435410729996605
0.33475915321025224
0.4234500995616597
0.3600479281492378
0.406850378461794
0.33198615054425296
0.33602857897648136
0.43131881971266495
0.35389868687309756
