0.9999503387666671 7.472446535648618E-4 
4.16138043839586E-12 1.0014120156914643 
4.16138043839586E-12 1.0014120156914643 
0.3712737180206144 0.3917687125890043 
0.4538851249000815 0.32739424525260835 
0.0035106089193462364 0.9420420620153463 
0.8796041255232385 0.0630650296155929 
0.007757420404550991 0.9133167304443824 
0.6419182609432511 0.1999112722662598 
0.012611196347039888 0.8926974346780311 
0.3965208917695251 0.3715863781876826 
0.4709268933871245 0.3147876889883823 
0.017667333086683862 0.869186840029032 
0.21661445824434164 0.5363268828558043 
0.3547079381645609 0.4055021703351562 
0.09651436494459685 0.6914381274757441 
0.5086464814296993 0.28791520928938746 
0.608883853587989 0.22096767757171284 
0.08523120837230445 0.710155869018476 
0.4346965630002382 0.3422063749697964 
0.2292692552487119 0.5244531871960605 
0.10373272712030733 0.6823171558877291 
0.41404125080456733 0.3579424114598061 
0.5671187599899156 0.2484014594341853 
0.8553817368640468 0.07591379693143266 
0.07970292712321542 0.719187548216224 
0.7852681647112278 0.11527921512574961 
0.5944256945850285 0.23023313751322258 
0.8032997127029187 0.10488801519823915 
0.021975705310446847 0.8533372847612931 
0.5466307698338769 0.26178349893686653 
0.6787029682995713 0.17736292542482388 
0.04597443171880805 0.7869236746866185 
0.700403201458587 0.16418077517236213 
0.0010950765465005388 0.9687423201845654 
0.03932031074372476 0.8041337850621905 
0.3301370663258747 0.4264332759427107 
0.20513461174623562 0.5487498263237977 
0.6630861882853295 0.1865741574524711 
0.9891928860981392 0.007654891747617772 
0.2680770086336259 0.48352657839705443 
0.6875367749073471 0.17208151463395785 
0.74897323375423 0.1355771922582446 
0.30248599881578975 0.4513370681869701 
0.8365624228942581 0.08623341514160174 
0.5602573905521855 0.25327118055357856 
0.762403514798492 0.1280199293555386 
0.6238242452539315 0.21501780305922902 
0.6289998551958713 0.20782533371972686 
0.24383074175002448 0.5073687583605071 
0.8207359354253477 0.09512063536823366 
0.49480333716014574 0.29714278852190223 
0.977181047913886 0.013455203726499726 
0.19945339056644584 0.5547209606717859 
0.07088161092679982 0.7354855312961994 
0.1771627426463025 0.5801957222799266 
0.2874454350688458 0.4660173332815109 
0.16370702347325417 0.5970361818381331 
0.24377906677964087 0.5206846265969384 
0.48547311248370323 0.3100832592797605 
0.3998385325508289 0.3685510308487893 
0.894178070785943 0.05618685939170499 
0.9118995694960269 0.04580688856516569 
0.026468029785690628 0.8391198337883599 
0.2763372983018903 0.4777856061833462 
0.5370788870626131 0.26820534192452095 
0.9672746431205315 0.018625609804805373 
0.0012711809136760274 0.9663318685763413 
0.12929255822151675 0.641959863953416 
0.7104554077357192 0.1579622473027052 
0.06132091200435019 0.7539622686011499 
0.2573898025426984 0.49406026045369944 
0.15137837611613503 0.6125652965584583 
0.8996265548052971 0.052629827832404066 
0.07011318534864486 0.7423849325560952 
0.72996796971218 0.14726371410178704 
0.1627989464591454 0.5980853237941345 
0.34765067934600324 0.4156360557872268 
0.25565246704341804 0.4995288737668512 
0.11286580214989766 0.6652782195847106 
0.053240513175452114 0.7701415893673075 
0.4235025462438417 0.3515522383172553 
0.5316161566946497 0.2764543356250718 
0.6637925042748662 0.18623697753085056 
0.18953890064187662 0.5660067616807458 
0.15028189503057401 0.6138735177901432 
0.7700977898893812 0.12320122374429676 
0.05886953610316187 0.7596971001937253 
0.18804068561742157 0.5679834363669958 
0.05011430894197588 0.7773781225759654 
0.32610750795774895 0.4297707175369047 
0.9409953886184363 0.031581195197772034 
0.7777717382181442 0.11903083373421178 
0.178613404262713 0.5792123741114353 
0.84293301258042 0.0828464463060055 
0.035653921973436115 0.812691468750746 
0.14054715871620538 0.6264034581869926 
0.4914856963788419 0.30372376720376115 
0.31124844931637635 0.4434656258027475 
0.12182357457779258 0.6526793349236012 
