1.7041657233117513E-7 1.000712037568104 
0.9997825095010046 5.978185561331047E-4 
0.385306221158348 0.3802382006747218 
0.34987360621627706 0.409656755487901 
0.4599208157044367 0.322797132996024 
0.30968885140209307 0.44441253629401595 
0.2649313204168174 0.4863309539685498 
0.9115380821401784 0.045804095747299746 
0.8464795036129541 0.08060428488321789 
0.01211713284032151 0.8910996384263515 
0.22278818241926757 0.5294942277180151 
0.15062984628019302 0.613096856571604 
0.8734454129406295 0.07287192516790572 
0.2821947770291541 0.4707426683303179 
0.20830653970472868 0.5445947157735578 
0.6829558613403484 0.17453544419128234 
0.3360855583067756 0.42120291381213176 
0.8972679568142599 0.05352615434684775 
0.6680044514442638 0.18757722838601534 
0.005422015741348762 0.9274900647644831 
0.41929046520728397 0.353019233383822 
0.1683636558537495 0.5970466940720931 
0.442089294668459 0.33616883058827357 
0.04369272775821742 0.7920275059438996 
0.55538259810146 0.2566078937498572 
0.7150598438883051 0.15510345596476083 
0.29096648337582887 0.4615239710236707 
0.49661200751992995 0.2960314302895474 
0.646921686848461 0.20243771351685905 
0.8800822447065613 0.06240656107974112 
0.0872753722080115 0.7059521288946252 
0.01755424559520541 0.8685763257796814 
0.031877953533888115 0.8229103308884966 
0.4343368641087521 0.3431517527482375 
0.09401393385055251 0.6947870129319265 
0.7659161521633595 0.13399935589210304 
0.05258489891830014 0.7720947523341886 
0.4799572172071388 0.30805476887508315 
0.5771530602697383 0.24123886623404178 
0.06682410415334547 0.7513280482997561 
0.19970511702106158 0.5570051817281849 
0.5659263797987822 0.24850650998434842 
0.1466194917037768 0.6273130037978036 
0.6531825611694708 0.1925662583230211 
0.3092863342961971 0.45292499591840074 
0.17133982016489088 0.5872935890554769 
0.05836615244792348 0.7678076565104065 
0.5388575971298531 0.2668316977364243 
0.9327862258955246 0.034994331499828744 
0.23910740577963063 0.5231386487094576 
0.7864737441439842 0.11384551159684116 
0.40701446573644534 0.36273106358458146 
8.451888637299176E-4 0.9727589754285727 
0.8004644750825378 0.10606304944272767 
0.9388866961893211 0.03224554699035409 
0.07846459212416626 0.7210944702199952 
0.1837803831562166 0.5766649395165051 
0.5171558146552047 0.2816572661874013 
0.8341571930420061 0.08756074759251034 
0.7717161254453965 0.12229633341435177 
0.25441572914355204 0.4974656282979121 
0.002113243705318537 0.955537961222253 
0.7008664759140337 0.16391777451017264 
0.3975746707514336 0.37053112451827797 
0.5888619378336983 0.23335871663754787 
2.4424871772808256E-4 0.9855605776974042 
0.481977944088165 0.3064974804409432 
0.6971365186984921 0.1663083438044927 
0.12236383916755393 0.6657261948227067 
0.1908070089789109 0.5647682109298303 
0.8066548242124864 0.10258455207487335 
0.7289405825307529 0.14667863602136713 
0.9714654240707826 0.015119411938229452 
0.026955006837944606 0.8378032427096743 
0.6128569023840073 0.21769156168305961 
0.954136915490953 0.024018247938667116 
0.02579027367968975 0.8437348824763099 
0.7332391773256164 0.145793174150554 
0.25012246123765497 0.5010194896259725 
0.037563134197569376 0.8073782700413477 
0.008001066122639289 0.91156931768338 
0.3487437347222361 0.4105427181167949 
0.1118482478846923 0.6665389013795154 
0.10216294588103537 0.6814915792665523 
0.07010604523606645 0.7415370522605282 
0.9540496786519148 0.02430866571381141 
0.5101024813035365 0.2899757189003539 
0.7469406702115341 0.13660569665796982 
0.7796821969720348 0.11772913363040999 
0.6280588809557758 0.2111381743855161 
0.12323076410827322 0.6498296978363386 
0.33648807541267156 0.4206768734342928 
0.24267181792594503 0.5120998683823139 
0.7458920897431782 0.13719328422648872 
0.07587056558245196 0.7362012986694676 
0.10664816142878268 0.6743688657436008 
0.6230968954890796 0.21545779840878634 
0.0390177163417047 0.8040672866821719 
0.8282271627460768 0.09286098662577252 
0.9850594943420246 0.012062132933391414 
