0.9996713145757657 9.857943147255212E-4 
1.3697012127080496E-8 1.0008818560587138 
0.15798242036610236 0.6036954986614358 
0.17922288473324205 0.5778270596925428 
0.4136615361548171 0.35778015262856755 
0.10175533984999144 0.6825493707181667 
0.05148454288845006 0.7740210718246507 
0.03960435495687864 0.8067581304636209 
0.4345978043948752 0.34198400306296206 
0.7753458656920427 0.12032572933773131 
0.1368018459860691 0.6310384860728356 
0.9572262237219232 0.022417776571010108 
0.22868563822172266 0.5233330797507352 
0.5569652077640999 0.25516386408270864 
0.7614941308232763 0.1280872200921031 
0.0043592550562759555 0.9364486559705115 
0.46572866624702436 0.3187011686175972 
0.20388493386550371 0.5499987143808996 
0.5736586713365123 0.24399933880018365 
0.40148449474733006 0.36719468652416354 
0.21332449706765913 0.5391028672257231 
0.8176580073987196 0.09654123047163007 
0.7994749762408133 0.11070643850065189 
0.6214387692003491 0.21266084439593377 
0.6985262558255473 0.16528490539555007 
0.12554368893177212 0.6467635298037183 
0.5465289283254834 0.2616042468013306 
0.6762598868829457 0.17863452538714772 
0.11080414782841369 0.668267348459037 
0.18861964450733687 0.567396525063541 
0.33154614676437827 0.42543138935352287 
0.4851485577439587 0.3168519150122093 
0.8735422613682332 0.06589174678243293 
0.9052141591707152 0.049484775533655496 
0.6644336279132594 0.1857643818741819 
0.34208243138621597 0.41651012306828855 
0.3233133184084349 0.4333739045054477 
0.37217032713771214 0.39166751735252686 
0.8632125151965544 0.07326786289327096 
0.0636252524565244 0.7496698687424415 
0.2576226292297139 0.4935157212573251 
0.7919640466959562 0.11074213509032944 
0.3596520653393932 0.40130542729021307 
0.9404474334146762 0.031467423717534845 
0.5031983445700019 0.29348333102750607 
0.9928049969120661 0.011801597001964733 
0.08920217946463754 0.7025492153654115 
0.5144885587521166 0.28646118856659597 
0.2508968336160578 0.5003639069101633 
0.3102705466672757 0.44434458644765273 
0.7156957441282885 0.15484720631912735 
0.009100852421624395 0.9072895894067501 
8.651993574415595E-4 0.971472162988071 
0.6112140009322196 0.221552647093908 
0.0813571022719391 0.7163998411907758 
0.7409774042166134 0.14240495475245882 
0.5295854166728903 0.27292780855692383 
0.14574943160239476 0.6193770265735875 
0.4526250460518352 0.328176225782481 
0.2410605853329921 0.5099089679042669 
0.0742132980200153 0.7290041093463909 
0.2958326499432325 0.45721800437267635 
0.970485543309037 0.015440295406135455 
0.8919578492515002 0.056433282751828226 
1.5441093861158581E-4 0.9889695582479103 
0.5876197621813096 0.2343985617020054 
0.39079739511332545 0.3766568959850569 
0.026386681762902514 0.8392684016115937 
0.7264305255960353 0.14886536489351984 
0.2716107105595159 0.48306687117973124 
0.9151487165230814 0.04424886584696299 
0.0018531575988177118 0.958146822099745 
0.15259227515405932 0.6150207977498968 
0.8852044165853676 0.05987813327080998 
0.7005721642437306 0.16403921717658299 
0.6364165871416189 0.2033169107120407 
0.4872727583709239 0.303178495689475 
0.6507851750183677 0.19419312609260106 
0.057646586964704344 0.7623869397272746 
0.2840788548299059 0.4710736447175574 
0.9775705569525605 0.012080011911358534 
0.23554784176548738 0.5161652193616107 
0.5339423053843956 0.27039154820438455 
0.11629505017325537 0.6605172025688869 
0.8515070380099481 0.07812441478736458 
0.26849990212990943 0.4838818231194827 
0.6342916995993421 0.2052095593366929 
0.0031123484726013895 0.945779549344821 
0.3136758350470912 0.4421653833732091 
0.3786661246740539 0.38579304333824266 
0.01255371260543453 0.8898395892215714 
0.5822375129714688 0.23795419129087905 
0.746808087319587 0.13646639344741623 
0.03126072630129023 0.8253549030149292 
0.6021468277890504 0.22791176881984787 
0.120799359529666 0.6535370744530747 
0.44295519271141476 0.33527934648006824 
0.03731006890262839 0.8120078092427941 
0.009100852421624395 0.9072895894067501 
0.6532164892199992 0.1931107204267768 
