4.975828798689562E-7 1.002397873674472 
0.9996543563533113 8.694602920445025E-4 
0.9996543563533113 8.694602920445025E-4 
4.975828798689562E-7 1.002397873674472 
0.47527733222772744 0.3124759165316997 
0.5397197826047637 0.26630502714152376 
0.5212636609599834 0.28004783099931485 
0.6640827437610739 0.18603916874294463 
0.26624511907838244 0.4854557317524727 
0.5660606750208401 0.24894178682661938 
0.3352360282635323 0.4225367807461765 
0.45045636893261054 0.3301814871064681 
0.6280298710022577 0.20855591677230373 
0.4152116269213686 0.3573698539229284 
0.009190403852948226 0.9058960589595203 
0.7477150054248691 0.1363716333707891 
0.6890240923027826 0.17109312852654038 
0.8935242678628874 0.05581493625525972 
0.07285561633193399 0.732046812145721 
0.24898954725078062 0.5032281206404544 
0.06508582634069228 0.747427774963364 
0.48995252623699903 0.3014539084477154 
0.34654864803805824 0.4125983634769472 
0.928467976285992 0.03732808510719937 
0.05807621857018924 0.7611076271612532 
0.08644569218340598 0.7074669365575325 
0.8807892579821628 0.06303584448255095 
0.1692979352706449 0.5935688316613019 
0.6065385170509954 0.22225125707274473 
0.8539988088111328 0.07889380656134942 
0.005111926967508895 0.9315645182444406 
0.7678123504372536 0.1269799965827779 
0.30046486761281543 0.45319911108985195 
0.6509899904149813 0.19418404946083337 
0.23503313430350864 0.516546703810462 
0.19628412556540586 0.5618031700017209 
0.08028288465158408 0.718655940326172 
0.13734957321384117 0.6315592191375474 
0.3179962817882358 0.43738622949751294 
0.2779043783895503 0.4743282665379602 
0.2049256955838552 0.5487363361204067 
0.02343923902669709 0.8490804848943568 
0.1600709683202305 0.6041793806492753 
0.48995252623699903 0.3014539084477154 
0.0014992602520827458 0.9633771576219339 
0.7942501326869891 0.10970731034204545 
0.6201326543330589 0.2135506949450317 
0.9600647934526909 0.021978205581347762 
0.21229184253765832 0.5412325989422491 
0.42670217522409226 0.34846817517853584 
0.9103378064929151 0.04712286744612951 
0.9424271763774013 0.030091616241999658 
0.012459184122046468 0.8903860583480315 
0.0377601269643445 0.8071827770245076 
0.7346083877454981 0.1446204016552182 
0.5259102546065152 0.27554655254619964 
0.7027247568771439 0.1633054101482272 
0.8102540474455117 0.10119198273038756 
0.8371834749990378 0.08728270353156284 
0.12814024723667994 0.6504418148296159 
0.04513683618780909 0.7891171114981248 
0.019818671206557115 0.8612041856955308 
0.1043647892697493 0.6784280769672612 
0.5956303253137348 0.23980355376521348 
0.3929493380003428 0.37529196016371547 
0.773070125954869 0.12229182714064624 
0.9915957996692841 0.005030061200366035 
0.43401161673310534 0.34256086647184 
0.028486303784762343 0.8333566740223283 
0.3580115712860836 0.4034362668949859 
0.291352220438998 0.4616346382242247 
0.1521856387197364 0.6126073126817647 
0.17729407770784983 0.5811061386146461 
0.05148656403337798 0.7747860975187861 
0.11498686718215156 0.6624808097580458 
0.3873345297410269 0.3893625562994752 
6.731414614248657E-4 0.9802763777679202 
0.5957945429893354 0.22902028423935808 
0.8676930198026833 0.07048173920337172 
0.12825431163796847 0.6450650951636009 
0.22540884572324763 0.5271158838709135 
0.9156102899156506 0.044298223088765715 
0.3114766534875183 0.44285759229857596 
0.973692275377651 0.014093289126911532 
0.8249688409865031 0.09512810980591614 
0.24549582712075313 0.5085647190250375 
0.030720002109995148 0.8263308448946105 
0.28544046012258617 0.4673121427718869 
0.9504419568854197 0.026122211651901026 
0.003078874435345616 0.9466995672895566 
0.03975142912835955 0.8023821697474822 
0.5776803826395105 0.2411642942475144 
0.40125293556008157 0.3731007026154907 
0.09581840050034618 0.6931540089720687 
0.09555463245062366 0.6933403749404654 
0.7161381154066226 0.15470111733989536 
0.7858570254090802 0.11486162375622867 
0.10733366688987439 0.6743391068258255 
1.3416662030505712E-4 0.9905209994317471 
0.01891400011255588 0.8750717070347744 
