0.999993991130631 4.99075136983192E-4 
1.829233708949829E-9 1.0107300468592744 
0.0015933260578685077 0.9725545910244788 
0.005595014221269998 0.9267291081434007 
0.5180461357093405 0.28073423953150034 
0.13222581104503 0.6450793025200967 
0.536023803234038 0.2685130101820065 
0.06388618788020362 0.7481019807156609 
0.9181665109392971 0.04257146371802241 
0.5534073257205023 0.2567927011616094 
0.7787010841868803 0.11803263379721182 
0.11495837829727379 0.6618031158835983 
0.011118642326307451 0.8955155020808202 
0.05106606342411646 0.7750857403603899 
0.14180676843057843 0.626317339174127 
0.3457024879221954 0.41302893483481634 
0.9846991585356999 0.008056482406139178 
0.09769797802402555 0.6901290928500188 
0.4813224990901984 0.3178354359317876 
0.10819196523904726 0.6718385121184224 
0.7506332600184547 0.13435006689784593 
0.28785455500163887 0.46418785111907906 
0.4553921752255024 0.3258618386595366 
0.7650081627394507 0.12594405916935772 
0.7020373403043351 0.1628895457717605 
0.8805124284959724 0.06314525507604692 
0.5904205818562569 0.23228082066122221 
0.16928320748029893 0.5898952982849461 
0.2460805449664893 0.5048515752806968 
0.56843234292137 0.24661225147280233 
0.9692378921129503 0.016063526623379287 
0.7992442498322525 0.10698634513553107 
0.9382563382239812 0.031864174721939635 
0.1840624218758123 0.5795481034164187 
0.3085449669937124 0.4450733375852207 
0.1609805798559094 0.599750034208655 
0.2996125225172828 0.4548185052312455 
6.371507449455249E-4 0.997692678469055 
0.481713044836934 0.3065588555751044 
0.33723954289358776 0.4256837358891014 
0.6052683810918923 0.22283775743106063 
0.36070757330009345 0.40053170407357247 
0.6644127656391163 0.18561567556778105 
0.4318301576564828 0.34358001932045656 
0.8439286179663426 0.08289679660831775 
0.26327800801053947 0.4876824412104719 
0.8293733311636156 0.08991697569140543 
0.3786311917100617 0.38545584730305804 
0.5788478811520338 0.23990288592003178 
0.018164341946429824 0.8662362445900771 
0.18764980685723476 0.5679175857327995 
0.4988466218624453 0.2942964113539845 
0.06979007218002603 0.7368010704392675 
0.030338101003933693 0.8494555024202218 
0.3874026160030927 0.37842836970707294 
0.07605875387709887 0.7251392979427277 
0.04286717106380972 0.7996045273047863 
0.048147151549957024 0.7813394138681914 
0.03864815516697134 0.8046175175112187 
0.3230796274136119 0.438213711044443 
0.7362066619333734 0.14244954863395937 
0.19776527099364327 0.5577030503614998 
0.41510199480185084 0.3564199385164237 
0.031588299900025374 0.8235129461901928 
0.9019103112942555 0.05089595250508177 
0.23238921000570306 0.5186295022978221 
0.6334799215462101 0.20464497821842367 
0.4974821083797863 0.295474892852343 
0.27571344606471515 0.47626566175961754 
0.43638191739913335 0.340056501824994 
0.6865830087760183 0.17205558502378232 
0.08151467933893175 0.7152123678016288 
0.025108882626971862 0.8515983892983325 
0.9445663259919868 0.028571677932346422 
0.896439414695173 0.053845213585915506 
0.21981402229573396 0.5319902587851494 
0.6461189107407228 0.20038385362139413 
0.7273738934843658 0.1477769282578502 
0.32515253507522585 0.4308052494761104 
0.6259217420908934 0.20957159929202954 
0.6761418905803195 0.1785758794304925 
0.20220485038272212 0.5517402544939916 
0.03226778481188036 0.8215517441093013 
0.15147552489202165 0.611946939780629 
0.39767906647770884 0.37055703129430545 
0.14965765570523507 0.6138060453724115 
0.22851442829374075 0.5226129584405149 
0.2728731799790696 0.47859951334470396 
0.40354443340666235 0.3654412502577232 
0.008623839869163596 0.9098843433482219 
0.36696093783972505 0.39481938708422465 
0.0905701196162807 0.7002016518443781 
0.45334949486901965 0.3359767520490607 
0.6526769121750365 0.19289773377643055 
0.018164341946429824 0.8662362445900771 
0.8676808189385918 0.0690497957095098 
0.6989443331434775 0.16483795702887358 
0.8196100863203003 0.09539172350032465 
0.4145662923279093 0.3567384487558611 
0.9572778034571744 0.022074988286599585 
