0.9996680123927808 6.745492466394086E-4 
8.677397890850705E-7 1.0001636060201207 
0.31756546690522786 0.43745717613790125 
0.343487845546681 0.4149014104962945 
0.003513945079565428 0.9431964899310049 
0.6617813874196428 0.18738570791073145 
0.15285790137547717 0.6107461099301151 
0.5808570453769489 0.23903754965918897 
0.5414942728972555 0.26542950670534377 
0.2986440105016158 0.4543744138005775 
0.6834902930472324 0.1742419912745457 
0.01817207769607581 0.866997453389381 
0.00877904060658724 0.9078542114363779 
0.49897266426811127 0.2943020336323074 
0.9614769053081769 0.0295419350918336 
0.8165332480051426 0.09716415614994442 
0.2152524280328567 0.5372672508524566 
0.010896743849798718 0.8970931643167297 
0.16882499685654062 0.5903817998111689 
0.9753669255344403 0.01317670494650514 
0.4159239275439004 0.3577137636780301 
0.0015191344306302867 0.9623547284891714 
0.5986581905458003 0.22718667271740764 
0.7122476748571037 0.1639351424543957 
0.8794970365361483 0.06279588398472905 
0.8314734380517216 0.09126448967203807 
0.23326522960378723 0.5317900243233551 
0.7272063097648932 0.14818459870003456 
0.7820915242254642 0.11653155915523146 
0.28039889580169797 0.4712944993098881 
0.03148207621214938 0.8240137005670274 
0.12180018048623271 0.6521608911264885 
0.9199167983222786 0.0414207034955457 
2.1004156631948903E-4 0.9869276840387858 
0.3827607637300847 0.3822060681374461 
0.3541993959981349 0.40592288899711476 
0.43444230393255445 0.3421847733307613 
0.1828923515662944 0.5733506916831094 
0.6123083566436577 0.22408505147162974 
0.03982389542539627 0.8015126840258405 
0.3642888584618696 0.39751958091877254 
0.07608335595226001 0.7253285103784787 
0.9870105908722109 0.007462882403153122 
0.5197440052926191 0.28029966637526715 
0.5197440052926191 0.28029966637526715 
0.2886317462683975 0.46369297038694735 
0.5648352013223583 0.24938158253719803 
0.2670603161534962 0.48434202787469 
0.26256500480932415 0.4882095098904412 
0.2015894781835779 0.5524523021117577 
0.19185391232917698 0.5629902730563475 
0.028677835602177834 0.832000790570408 
0.4266598788171887 0.3479047741213656 
0.7961813205871551 0.10849231271368365 
0.9105943358244462 0.04666031751086312 
0.6413902689344317 0.20012814626139536 
0.44816228768381194 0.33154814096373675 
0.6485149813839657 0.1957546049545952 
0.11363002990766641 0.6640209321968741 
0.24971992054683717 0.5015422560425722 
0.6275783294296757 0.2085871638560258 
0.17465876640257255 0.5832895742399534 
0.5529418127962041 0.2577180095497548 
0.39990955364541647 0.3697229119866241 
0.7517324092859875 0.1338444094283705 
0.6212897864942087 0.21261888007975885 
0.9367249880192478 0.03277968723978154 
0.09725798159813093 0.6903674765024489 
0.7656690646179359 0.12568518178464566 
0.4698969556428632 0.31521837902791205 
0.8458520049401872 0.0816247806857436 
0.1025045880462744 0.6807448377170696 
0.8618166574777589 0.07257962300138332 
0.46025976410579367 0.3224560338347925 
0.40003611065269506 0.36862856491922086 
0.9402866278104489 0.031058778092727377 
0.14062651152703048 0.6263567205700429 
0.10852625265258745 0.6719547536048337 
0.14397439215370111 0.6218333698524393 
0.8683630594694876 0.06928966737002536 
0.06518159162331957 0.7495606314414496 
0.08524000996200214 0.7092548451462372 
0.236803697511913 0.5143129627716524 
0.7431691214514262 0.13888095068040002 
0.7355437917302177 0.14312352173090884 
0.37442328172361117 0.3892843495347987 
0.8493915424206294 0.0793899308908841 
0.8978783645955137 0.05328276073628456 
0.13087327764639878 0.6397437792841064 
0.04816625235730837 0.7816252570781523 
0.09086279111151582 0.6996970924976101 
0.0698464928435066 0.7372393303689841 
0.6957835509342266 0.1668689086393612 
0.13299714908274834 0.6387939757062028 
0.8978783645955137 0.05328276073628456 
0.0222695355482673 0.8542500588044258 
0.762560380292418 0.12745992410129642 
0.0422771793093998 0.7956321168995526 
0.24633565213749822 0.5050397805237747 
0.4883139612913804 0.3020734965328462 
