1.362993265566643E-7 1.0005430090309546 
0.999955560666546 4.528702836385457E-4 
0.34476284669483787 0.4139954659484558 
0.36382076163840044 0.397450044902813 
0.022149869523913734 0.8520392190197089 
0.2907336386573592 0.46193136815839125 
0.9836574909256934 0.011725854433046707 
0.6453512815775517 0.19729836166882725 
0.0072464843751677 0.9159794750707579 
0.09276180810527115 0.6960472696282034 
0.27007531458623535 0.4808567151520062 
0.7672149440689957 0.12464302449567342 
0.23300350655762345 0.5183600891922703 
0.6256415155260664 0.20980220853934373 
0.8631323843530176 0.07152827986065019 
0.9615790376961468 0.019921903259621822 
0.7475679349370302 0.1365213842138928 
0.9233447060782165 0.039655892982523755 
0.3785527945656221 0.3857607217936168 
0.7807776702765881 0.116890368994009 
0.3011302080696853 0.45208020345512323 
0.4632268962799183 0.32005049325118673 
0.1988198974800413 0.5550157862442683 
0.22291858268738796 0.5287595608052577 
0.012990891588596232 0.8866977947464448 
0.14326959906839004 0.6222936891780491 
0.18934683951914727 0.5662592992971986 
0.7133285210298768 0.1560983899665874 
0.04349328936116126 0.7923239412115326 
0.26293377571384957 0.48792223121889816 
0.5306487607486677 0.27228102043977936 
0.15534468066736895 0.6064236166939594 
0.9078642624988872 0.05199583870926064 
0.45570873542044743 0.3258523347662352 
0.31346942571096653 0.44111570178255666 
0.5960914716754462 0.22868291145401984 
0.44057613919418065 0.33711210188830865 
0.04150471884510609 0.8059356732015572 
0.40618829433777504 0.36411125897275365 
0.736762481201831 0.14228828128025847 
0.8536198211023522 0.08118688770962722 
0.5718604481508048 0.24448115782180285 
0.2483964135916925 0.5022556405043505 
0.11646424631389783 0.6595823045997078 
0.028080567991409955 0.8331877496571767 
0.9492561132457387 0.026383979484890567 
0.839677116440627 0.0842362570330765 
0.05807506890738365 0.7608979756655775 
0.5006012488905847 0.2930383173794854 
0.8829518244103449 0.061207047444268005 
0.4805435867322234 0.30760551534174135 
0.12427146483413443 0.6487111160338893 
0.6785378125089888 0.1766712230439274 
8.165348118928939E-4 0.9856033951242653 
0.8284025570239992 0.0904489182159721 
0.3905652230509893 0.37607050214109455 
0.49510490790137596 0.29979404295913886 
0.5484141766700554 0.26002568323840786 
0.89819864084368 0.05300726110218172 
0.32833388064485275 0.4279048410919395 
0.6599171364161395 0.1883695797206331 
0.4232234234115743 0.35565808581054215 
0.014346257602890738 0.8811944652391058 
0.10490956056259329 0.6771727300281821 
0.5184956265977373 0.28097174241341527 
0.6642907883647358 0.18557653778971925 
0.0674368352856039 0.7408220633228242 
0.0027434955887848944 0.9483934044720048 
0.5423333271273284 0.2662880040750614 
0.5129319552624725 0.2849021033136641 
0.00455845063326803 0.9332749908450232 
0.10490956056259329 0.6771727300281821 
0.06196364724305703 0.7522746282088303 
0.25067258493867434 0.5000738081043614 
0.0844310404523281 0.7108113954701181 
0.20960521467446758 0.5438372575145209 
0.21229078360247922 0.5400941844940651 
0.0757540155977146 0.7264111043156164 
0.6842781670085658 0.17345740361347387 
0.1607195485919184 0.6012407644023451 
0.7989367622992745 0.11255167284061125 
0.3240681588518867 0.43732154811130736 
0.6983043213756113 0.1651216017831861 
0.4413281156586749 0.3364713691299542 
0.5838179641607593 0.23678676830131906 
0.1800477926374659 0.5762405454942096 
0.16786108746430342 0.5910089716460503 
0.41117938526861575 0.3597204587771719 
0.7990543070565284 0.10755993193308473 
0.1376217195584965 0.629926154671247 
0.6107356991070998 0.21950165855864695 
0.08259810185450886 0.7144936064459824 
0.6144886060014108 0.21662496310325602 
0.03319474432371766 0.8191423951084179 
0.8131983352585571 0.10172244725452988 
0.8190933584405659 0.09547674481859011 
0.05254144788270677 0.7758001087510126 
0.07231384189827461 0.73256806978896 
0.5598455747132212 0.25227359365216145 
0.4821921622294475 0.3064340421248632 
