2.520431489926901E-9 1.0013420443189691 
0.9997995561014253 5.19432623109058E-4 
0.9245818505864265 0.04076368867315593 
0.6643507577809049 0.18560420012849985 
0.007062316386814649 0.9190166946397819 
0.6486741401902913 0.19521940584184858 
0.9491190891857977 0.026622248663502948 
0.06329709205995973 0.7493444577569502 
0.4309901978769335 0.3439098995455101 
0.41111944926134575 0.3594797101115422 
0.22962322779515593 0.5216499593437304 
0.12755095809205094 0.6436603624211449 
0.6858722709730309 0.17262718481720962 
0.4575273299645034 0.32428331259886467 
0.6300009593809175 0.20698071785550562 
0.9076540665234902 0.04793236765705357 
0.508566009791154 0.28742962643022035 
0.44260897445337305 0.3386600402578149 
0.2717596256881316 0.479153380613908 
0.012283892552195447 0.8903927430137144 
0.8406279675603041 0.08379337203986673 
0.3873439519215963 0.3786247264827757 
0.05443749074144244 0.7679275293996104 
0.11495905356975761 0.6620380459056944 
0.7728777480287953 0.13571786071658418 
0.46935723210450125 0.3161131096380975 
0.4877162285636671 0.3027013742845121 
0.4021851055199918 0.36657743898403944 
0.25757945482423217 0.49314767417960514 
0.08492640582760386 0.7103507867471883 
0.17463032902825681 0.5832836525617926 
0.2439242631982071 0.5072605631163429 
0.5789128631767695 0.23990935957727863 
0.5596997373465978 0.2526343703013926 
0.3613588966433435 0.39991461698142416 
0.28081718760090835 0.4707147527071451 
0.8849687987531246 0.05988171740788177 
0.04902689713357705 0.7795459590317636 
0.18622545016013242 0.5694549976596189 
0.7277027162717903 0.1474705063589851 
0.9728818112420429 0.01407792677097581 
0.028308403222322195 0.832688933075456 
0.16100530780714326 0.5995880091664259 
0.10324334429576842 0.6794335729882618 
0.745396831832287 0.13757105290250235 
0.29268065026663986 0.4600853001312068 
0.7729189927635586 0.12153605104876397 
1.561712593207143E-4 0.9884626035906137 
0.9593618867352409 0.021189884265429167 
0.019127333587231232 0.8628988824198586 
0.07223496102273674 0.7322555961320769 
0.5978891319355129 0.2274911331345989 
0.8671796150126116 0.06913346373498176 
0.0012259646987380496 0.9660103983995153 
0.893077123627431 0.055620495809879995 
0.0760191032429601 0.7260825693730838 
0.2033108859311149 0.5501175951059072 
0.19797754916420418 0.556117968581023 
0.014348979105153273 0.8814797783403651 
0.5329546424491239 0.28043156565820765 
0.21884043104996403 0.533074002213562 
0.705717758137716 0.1606258705982408 
0.1577263322455143 0.6034853098395735 
0.5739442820721241 0.24545119676877977 
0.6952450926844504 0.16697054205215134 
0.09750994289120371 0.6943345816476679 
0.33620365773794525 0.4209233395928997 
0.6186151130084978 0.2142299288972342 
0.6007470077205422 0.22543317154444756 
0.8240083213559707 0.09265106995118189 
0.10988241740172949 0.6696460399163302 
0.14669844357941828 0.6181161473842938 
0.13541493775845748 0.6328096306052916 
0.03335104284365775 0.8183138494447313 
0.3305623388254307 0.4258446582670452 
0.3000835852748972 0.45300191031319 
0.8076531841929768 0.10186837941991171 
0.09354056720027051 0.7010684181187697 
0.004213435375478714 0.9381130660467929 
0.03596294123156635 0.8114480111452073 
0.9891624833080255 0.01365251807630007 
0.25045353867805265 0.5005695006158783 
0.7410089025927518 0.14083807290140546 
0.8032406190132204 0.10431551034933544 
0.7872226734329213 0.11345060593721663 
0.024005094363805955 0.8462316424364992 
0.8531312471860344 0.07706370461342527 
0.5353446248577167 0.2689337576670128 
0.37191473106634376 0.3911319867197097 
0.04251166671595182 0.7948703637000414 
0.34965357884881004 0.40940154394447265 
0.8216183392116272 0.09401238911100906 
0.180017231716847 0.5764594572856815 
0.7901923967945057 0.1118221816507572 
0.3472968937589208 0.41165745215386024 
0.48286203505137393 0.3061362445187307 
0.0020681224584173374 0.9556818466227477 
0.9922326640320493 0.005298538220704284 
0.04128758235084956 0.7977246880983699 
0.5478962938153863 0.26060017196032087 
