1.9601498549293161E-10 1.0010605541071074 
0.9991046616991109 8.431175410434609E-4 
0.4792052054588245 0.30839935202099833 
0.45563883906851305 0.32611205017784783 
0.7583203612224606 0.12997094380124208 
0.7320279295880221 0.14502895930197796 
0.05048668277242352 0.7769867448097223 
0.6259265381547046 0.2100661381177462 
0.4353370514263255 0.3415309569645284 
0.4149072548913745 0.3576541589481353 
0.0952880233419234 0.6931851595768648 
0.30575553096352026 0.44809646324669633 
0.28935379029293645 0.46340230703084867 
0.6803803557964481 0.1759575280312529 
0.1762915886224126 0.5819537677134495 
0.013172790259964817 0.8872463297443948 
0.08187765960268512 0.7151651060086472 
0.9230117687369159 0.03998451229549252 
0.5791711828852733 0.23992861406623703 
0.38118421108502487 0.3842377655502631 
0.2788285216117313 0.47308226388313807 
0.26466634229155794 0.486716789047139 
5.47660399997478E-4 0.9785877555666006 
0.9506129228136511 0.026327096761648724 
0.8562958352554892 0.07554082852331252 
0.6623869994957695 0.19023422112565697 
0.36589735181198757 0.39613532705619303 
0.14942623227527038 0.6145969302656634 
0.18938286923067005 0.5660847673945887 
0.9332427618777324 0.034850257743351536 
0.5428131475815452 0.26437823368732627 
0.70898373687606 0.158621008946246 
0.22743971206141433 0.5239801333463844 
0.0388680256041989 0.8042560193930053 
0.5314150878551964 0.2723716279415796 
0.6035664207923417 0.22477794237248358 
0.1175697067474959 0.6582477115375452 
0.6015858050049687 0.2255202670460104 
0.24497422674202643 0.5064534977034583 
0.1422652746387112 0.6235518241223881 
0.06479514479848612 0.7544438117666992 
0.05585184964622643 0.7649934898176182 
0.1605844630689404 0.600193094388925 
0.721595391676273 0.15147080318888018 
0.8775594168124172 0.06418485440430571 
0.4454780857512344 0.3341468227375318 
0.03297790644162357 0.8200029427489537 
0.01812490778045933 0.8672242276366472 
0.9000255010346656 0.05195481048691745 
0.1017012129974874 0.6822239966483583 
0.25711777459215923 0.4944341827381439 
0.8912995509880276 0.0565493922283764 
0.5194548333629828 0.2808279656003435 
0.0017843021535784258 0.9598645865088623 
0.3924244604299805 0.374662338349486 
0.3409379265160356 0.4178580221144815 
0.1269992436288681 0.6446549982710592 
0.8678526203580632 0.06930288255498354 
0.4918073079459998 0.2996459745090202 
0.35579959154619695 0.4050759012505938 
0.027443149516064164 0.836330922784606 
0.00860783131354384 0.9084990844804962 
0.9657652124178472 0.018253996235146046 
0.5583423523381605 0.25805155030768495 
0.021516096334731616 0.8549795452086644 
0.9834892241194448 0.012206240605342195 
0.6373014688179889 0.2030720814181296 
0.7723457243072499 0.12690037894727718 
0.40492333753573806 0.36486052525431534 
0.7957083131022256 0.1157414062006844 
0.33804524261801033 0.42038616054914646 
0.13330639431642236 0.6361875442031941 
0.7984443708411137 0.10756804389255158 
0.572633314090383 0.24477378374995856 
0.008542875591811633 0.9132492099541992 
0.07636189938970622 0.7247478978324055 
0.8142393496141818 0.09852842594060046 
0.007187580391184001 0.9328869213514479 
0.49801700048180986 0.2954244213401942 
0.8079187791540863 0.10182044938351617 
0.20654778293106532 0.5465006063683588 
0.1949366063259616 0.5592306373416996 
0.20073450724396769 0.552966499426119 
0.2470038487290001 0.5043726540408228 
0.2127759396063324 0.5401898961852726 
0.7812045385852331 0.11703711545663038 
0.8402924785617051 0.08441287169210514 
0.6957248362163635 0.16648964341666636 
0.9617035251561376 0.020533103761253304 
0.10905774885660208 0.6715032415459388 
0.16600304996524629 0.5934971946186746 
0.3178048158905587 0.43988051381309695 
0.8402924785617051 0.08441287169210514 
0.6925239051540122 0.168884018625741 
0.5063264498561506 0.28916727617488724 
0.0029230641096084503 0.9471577811435649 
0.40338955887117717 0.373380961760791 
0.07281929817435728 0.7315228486090195 
0.028820266106409947 0.8313054896447158 
0.11092478308073422 0.6682672561540025 
