0.999992385765359 6.473919712704882E-4 
6.258554244645276E-7 1.000386627673777 
0.999992385765359 6.473919712704882E-4 
0.11580204829201884 0.6608799304678422 
0.5833702339253545 0.23696121177656645 
0.8733830723705982 0.06602485775795282 
0.4417286055522618 0.33605395395601917 
0.60428579493103 0.22340869597611193 
0.012047251236442458 0.8937408585226567 
0.5262402476112713 0.2754823020264366 
0.547883412552163 0.26090949533509156 
0.3238835886109429 0.43172843142543454 
0.020372637150029682 0.8695606954730333 
0.24760544547217975 0.5031320040765112 
0.09844897857556195 0.6874881760412187 
0.6395084674836522 0.20113845303801675 
0.9021703038236797 0.050845297049134694 
0.45738593112478154 0.32445108017062574 
0.3399009648099715 0.41779050875666535 
0.23623383269744586 0.5148768749948196 
0.6859124563747105 0.17314432813428532 
0.729986371850845 0.1463124141708877 
0.28636456455124 0.46603542685537447 
0.22517966628951241 0.5263210137150716 
0.31174453899501153 0.4423296131078104 
0.007849258648374435 0.9123504714544042 
0.38849921208741955 0.37753062235069806 
0.021785112003988916 0.8538350312629468 
0.2147629828811104 0.5376325212149373 
0.8308539061267434 0.08913200400195469 
8.31590109511577E-4 0.9722644460119729 
0.19815630215399793 0.555702582288929 
0.04426330371245951 0.7906831463416127 
0.08901944446265231 0.7025906256094944 
0.1851111342648678 0.5708030941230938 
0.051844200492642295 0.7792164743741665 
0.006792902378439769 0.932440576059463 
0.47690608627794095 0.3104865737165644 
0.7014252058920903 0.16312314473298428 
0.02957556284415419 0.8360875375484298 
0.5667094772535408 0.24802834155306683 
0.2721106275994996 0.47911728975448226 
0.2620383248166626 0.49161382321417113 
0.8623746477460419 0.0720110332280385 
0.750861054300649 0.1343057119743223 
0.9745884301162602 0.0133993514880164 
0.4236454445365334 0.3498321421485149 
0.625534331666922 0.2098940611960539 
0.15519217513442402 0.6072990180524309 
0.6175503318764668 0.2149179064019675 
0.20691399040938604 0.5506332719162812 
0.4920964299220284 0.29940649693636884 
0.7203269053946961 0.15204290625320313 
0.4688181724644792 0.31607579192655333 
0.34873181819488075 0.41050953232626797 
0.03779774732389013 0.806968804989359 
0.12457068913575418 0.6481020731540764 
0.6549552860396244 0.19162304618727097 
0.0028284984828091777 0.947787500760063 
0.0714979765554557 0.73364092129838 
0.13563019802246729 0.632818682631105 
0.3006915806772912 0.4525971416468592 
0.5103276075322767 0.2864225566777884 
0.08164943178745865 0.7162748425672639 
0.4242069260691206 0.3495919237845608 
0.4969830106354477 0.2960324277329562 
0.9155283778458609 0.04376565242973313 
0.7816369943809429 0.11672291055665956 
0.3770894396787466 0.3865952155223637 
0.9619263408552909 0.019857271715441407 
0.8447602786709026 0.08163012256656135 
0.9266812156822006 0.0379451395536544 
0.16670824600248185 0.5926358001862961 
0.057168310429289215 0.7626570872068676 
0.2950025536048113 0.45776745482410974 
0.4029736412793594 0.3685537678983325 
0.9548177113307349 0.02352008090224762 
0.07730726024338787 0.7229676586387295 
0.8493546346137457 0.0789566798606854 
0.03116943707438226 0.8245623522329012 
0.515743893215552 0.2826798100047673 
0.1781398824352426 0.5788089926506654 
0.0017189499280448328 0.9601025018490147 
0.3717542216074661 0.3911210374824528 
0.7690753336275398 0.12373478235452749 
0.1293116209551513 0.64149208093295 
0.1653873498146217 0.5942139633939976 
0.35801094897490343 0.402583884096106 
0.9431101342284147 0.029458352872092607 
0.6958730088862426 0.16640170039666355 
0.8173256398711944 0.09661634437326293 
0.36275188211412634 0.3986239107054248 
0.7670226088021057 0.12846191647083519 
0.05907849033672513 0.7585504003291719 
0.14962989219732448 0.6140849433581566 
0.09673772582510282 0.6896657002207828 
0.03499206429552948 0.8143170923460366 
0.9859557621066668 0.007651075144152202 
0.4038593372319032 0.36514365238417545 
0.6677076807117488 0.1838012821576377 
