1.7906715277238305E-8 1.0009730736717615 
0.9997359171546062 4.3470021302210185E-4 
0.18519220322776286 0.5706896406730195 
0.5997561818521574 0.226317898490146 
0.07228848267032165 0.7321751737921159 
0.6910479045861785 0.1692274302641983 
0.17023282414796234 0.5883110294938713 
0.004470638606640598 0.9344188217296051 
0.581151763992912 0.23841045975555003 
0.6692177697358688 0.18288251486560891 
0.36259238478731537 0.3985647438050261 
0.6172110334890453 0.21498727101664536 
0.7290369583526859 0.1495527035322512 
0.05597446299571373 0.7645083783995762 
0.008915264528965738 0.9067538859896743 
0.5659865772159004 0.24843308420915414 
0.8766601356343 0.06430572270483378 
0.24313709238368264 0.5076775658363583 
0.30537729472198033 0.4480405788410764 
0.7962028111118232 0.10826370567569013 
0.9357392915034464 0.03318868296337771 
0.8386245635573883 0.08938902642540543 
0.21689835435352264 0.5353603360845892 
0.7660303646842216 0.12535498809801868 
0.3306014162614604 0.4257196210307712 
0.10196767194809306 0.6818972988293204 
0.20010812398620073 0.553635898870121 
0.9204900168484884 0.041120611182836005 
0.382330632467694 0.38394421722970384 
0.542293812595903 0.2642226660294945 
0.9834121467730403 0.008709543428387796 
0.7420228176074283 0.13927476242285255 
0.5529374039877567 0.25683926571917004 
0.42302264688676927 0.3503680202136555 
0.44774603602246765 0.33159876792236515 
0.5149771097317615 0.2831546568713584 
0.7526095373307038 0.1328555825284526 
0.31651900385699344 0.4379895161453439 
0.0020572908537914644 0.9558485345936679 
0.9082692085570531 0.04773547420915322 
0.2865132754360197 0.4656157990872583 
0.12029651544077297 0.6539838838005748 
0.027191766711583576 0.8366159347776704 
0.6387065591329164 0.20138398979626634 
0.03740909992288324 0.8077575054272172 
0.7097474926244043 0.15817797279314244 
0.8268188127891423 0.09160883287295565 
0.20543198223907955 0.5478002695626387 
0.35218270643127014 0.4074265556847416 
0.4338208318435127 0.3420746011965586 
5.135772660170013E-4 0.9786413002180716 
0.23113187410223796 0.5200144644820354 
0.4655158704270861 0.3200009373532955 
0.8558294527617678 0.07535682838974522 
0.9688896160742813 0.01620226962448496 
0.5052110681231504 0.2898857831583676 
0.2540316357100178 0.49657238884802435 
0.3960888395517571 0.3714425233679551 
0.14540857299227278 0.6275824913888773 
0.01734056021721897 0.8699165162039328 
0.011647413703019832 0.8933868465543586 
0.7049991308463394 0.16102775246939335 
0.2269826531870876 0.5246442103924919 
0.03368106632365988 0.8177527450881672 
0.044928311562430046 0.7891094584905625 
0.6556208359601722 0.19124996233926722 
0.4685437570021014 0.31675608642890923 
0.7808862008997862 0.11689414941105399 
0.1589766322537568 0.6018501427613872 
0.02130361036824414 0.8552350692682059 
0.482528950821867 0.3060813284391933 
0.4029163885418586 0.36606172391057684 
0.0840706968031082 0.7110117601952608 
0.3855462890496475 0.37997607902315605 
0.6310965118675337 0.20639966788952077 
0.896384995562561 0.0537948499708882 
0.26768238725021243 0.48354069455535664 
0.09250966819282037 0.6968902026451652 
0.9503665680247172 0.02560810745231802 
0.34006264862126157 0.41752501817351007 
0.5286590455530567 0.27371952091408375 
0.9956827730106359 0.002691246319614441 
0.442478117708683 0.3358842393150591 
0.0010526261809877813 0.9685561437813923 
0.8130156878641608 0.09893230717366706 
0.7835724332250231 0.11543487676735657 
0.10974524309878858 0.6704047342722282 
0.07601651626868415 0.7252384307464457 
0.8130156878641608 0.09893230717366706 
0.5277079129283825 0.27442296741141103 
0.12797752511379717 0.6433834217057393 
0.09220456781717107 0.6973745596998221 
0.1130526445980698 0.6647248867161503 
0.896384995562561 0.0537948499708882 
0.34420551867095994 0.4142638440648706 
0.2864077897596466 0.46569909238562157 
0.15802880611816195 0.6033589694548193 
0.4121934010142069 0.3596955700601221 
0.31335038653883646 0.4462618176913151 
0.657102122861896 0.19035099430535846 
