1.8476075174383988E-6 0.9998900324858861 
0.9995546628268397 6.966165824439295E-4 
0.9995546628268397 6.966165824439295E-4 
0.2697503079296615 0.4819894215289792 
0.5796528363628729 0.24377191092586922 
0.23835836407285793 0.5141844900711612 
0.2983432644587311 0.4548384377107683 
0.015551117725116137 0.8766148864557763 
0.3799130318978374 0.384695394864715 
0.5558925018146735 0.25514662932194115 
0.3222009565588846 0.4333768212699636 
0.027608379616076185 0.8357588170284028 
0.0072782599546760696 0.9161156608068266 
0.7338940326974153 0.14430121085920675 
0.01839414554137386 0.8654177453426233 
0.08192440976693866 0.7147365204321452 
0.5415803767105273 0.26517702282928357 
0.6321746908187716 0.20571535220889192 
0.4009640767751611 0.3676086737438795 
0.053727685349577003 0.7698195998660395 
0.47204155992559077 0.3140081488258388 
0.34124005897666276 0.4170748765689453 
0.44913055004415303 0.33045648292250884 
0.7490563493687281 0.13519981228978475 
0.21130360166987935 0.5440282312230543 
0.43721552358943233 0.33953383451252694 
0.857431480048851 0.07462463029596708 
0.6983471865322917 0.16503257920125505 
0.07557740088548615 0.7323707922653591 
0.5250671763627432 0.27634554690222185 
0.1751615081069345 0.5826784365195435 
0.42617548903373315 0.34814055636286867 
0.0038902051137401916 0.9388602835176495 
0.48308224800819755 0.30589750050883274 
0.04506620427244788 0.7889218901627987 
0.5981272258191414 0.22769879237395924 
0.8228512586119389 0.09390497582560253 
0.22712448369640742 0.5347511165484985 
0.32903178207004563 0.42742485398045077 
0.09340006167199874 0.6979032164351457 
0.18496764561276535 0.5712502271836739 
0.7132563197819888 0.15615440331636848 
0.8992050342847535 0.05254172032040334 
0.12724016182948694 0.6444935275478542 
0.13814213057563868 0.6292705402696573 
0.7898120688156371 0.11210822884692855 
0.1418124959446488 0.6243120750130489 
0.9641385859686085 0.01897048769806285 
0.6876932274029065 0.17152679137372756 
0.20428722973496538 0.5517037264949249 
0.00193161795013113 0.9573116915570358 
0.3529693984888628 0.4083681505465023 
0.8154780114446065 0.09753781996102114 
0.7738228910764271 0.12103113041805448 
0.986335991902975 0.007442715722033071 
4.626496319451445E-4 0.9797152663822414 
0.22732218155926567 0.5245214136917989 
0.6601845526747537 0.18840218781100976 
0.7606924802421517 0.1304691532928449 
0.6140974076115276 0.2174407593601127 
0.8016960409198844 0.10557860087541092 
0.05891274469338803 0.7581474075077583 
0.15353096505009506 0.6105119555935045 
0.10428245399246477 0.6781827092937729 
0.9445078363544487 0.02902699412402034 
0.2890763087656444 0.4633474061076896 
0.41625105999958645 0.3561606825402238 
0.6459910550037808 0.19907722738376696 
0.983358543619719 0.016620878066066276 
0.8387281600946184 0.08492678019781635 
0.8823346383823676 0.061364500080238686 
0.07231508563155933 0.7433665020795659 
0.03224044327076355 0.8217309593401083 
0.6774653375063113 0.17776404874239776 
0.1236302754100812 0.6495592007472734 
0.8731918049229748 0.06622488788754931 
0.5051258766568755 0.29012132631880766 
0.11311937216245016 0.6646668247835248 
0.06335908099527708 0.7491507913639525 
0.15504767852757756 0.6073757686543534 
0.6754545985335844 0.18801191236753892 
0.03938526801819184 0.8027237225951867 
0.035026510651810144 0.8142748214292351 
0.0059355030670852765 0.9240630742862896 
0.11595213512228669 0.6616391443408476 
0.36709093582999885 0.3951844632027926 
0.16540402302854962 0.5942147998769274 
0.6134305184353248 0.21787615790219425 
0.5987941149953442 0.2272663193011488 
0.35978431807337385 0.40273798283282064 
0.19410796429334706 0.560161069461492 
0.9311231395421756 0.03804002744241298 
0.6506321189178548 0.1945577884101953 
0.8386053918013181 0.08502049098019566 
0.4962604005889759 0.2965077861707004 
0.8638444839686519 0.07123940610982264 
0.0010320919486719732 0.9691686289307375 
0.7131782228963128 0.15845802785102142 
0.10134314019382581 0.6829467756459181 
0.5153051424949114 0.28563404326138925 
