1.1890182109339785E-10 1.001264225744776 
1.1890182109339785E-10 1.001264225744776 
0.9999075995011987 7.118567890204738E-4 
0.9999075995011987 7.118567890204738E-4 
0.5281891705571007 0.2739241053479173 
0.5520229980420205 0.2584530937470236 
0.20592290508234218 0.5540084460500165 
0.294519531608793 0.4583886775669885 
0.5734059921066459 0.24371802466864956 
0.7639852358913218 0.126791069418892 
0.0014762060174920988 0.9629413595639876 
0.4794818413746869 0.3124411571593896 
0.33530715809196376 0.4219998295974458 
0.09354773656661014 0.6954763849204809 
0.2744881607802128 0.47715313109527935 
0.3511349109127041 0.4094574411059259 
0.7487629898450423 0.1355765568999574 
0.68485704046859 0.17324875484623076 
0.4937417120879483 0.2984171141750081 
0.8357278430173494 0.08671108840985395 
0.16584920461201502 0.5936465797817161 
0.700174223363327 0.16420448554650055 
0.22388003089430347 0.5280911720157812 
0.7842693622316361 0.11501260077566158 
0.4552594108364478 0.33101515589007147 
0.6094727670098862 0.2198441151986552 
0.4627147303053647 0.32093890275916515 
0.9069601313441902 0.048410694983676096 
0.5071904800506426 0.2913126305462319 
0.9148524265345249 0.044802886449299535 
0.6593316978422094 0.18872458674357084 
0.43753106573597517 0.33945831035739377 
0.1803421629998327 0.5772809141353584 
0.1122544579148087 0.6667497914281189 
0.1927134763490774 0.5632956432865621 
0.056054508125307406 0.7649431603545451 
0.12195323892017784 0.6522970256303552 
0.9362244000123521 0.03562730599249547 
0.07531701771490874 0.7400514063203203 
0.08004728015084933 0.7182701754364313 
0.38598991496458546 0.38027147085829255 
0.3219659001850229 0.43347853854372903 
0.9472591766139795 0.0275234042289067 
0.25741961750189873 0.4936958495863443 
0.591691719097145 0.2319586389744944 
0.30580177382058105 0.4480072873659106 
0.6428404097995291 0.19937615172488157 
0.8867210000077832 0.05932999746211861 
0.01682081802053398 0.8715006397184559 
0.4224160154045059 0.3542841842032588 
0.8149816070412785 0.09799429815750342 
0.2681430606274419 0.4829262731936522 
0.15309475074663545 0.610415270699148 
0.049232236614426605 0.7796024498205991 
0.9828640625173577 0.009524243995683943 
0.9676113158443164 0.021695496293910734 
0.6273853149482894 0.20894359426454898 
0.24426096287109417 0.507395945211347 
0.011671762560722483 0.8935489834782108 
0.7992148386923253 0.10682854960699169 
0.5876706126315966 0.2342928626146469 
0.37433988097290327 0.3920807363734596 
0.4296085628930005 0.3455610612384923 
0.16315633983171396 0.6045487048087324 
0.3619549845168667 0.4000000635970281 
0.870700767107315 0.0679438899095245 
0.617713914999444 0.21490121636489434 
0.0027373127284258253 0.9492817469020549 
0.1453615277684353 0.6197565762729459 
0.0327754864084456 0.8206909191334258 
0.25014363081714236 0.5016169427243472 
0.7331955192384796 0.1445673648378918 
0.1367248199505168 0.6316107814740063 
0.7210733863832672 0.15509148790006988 
0.1865953928181988 0.574352039217353 
0.09964594429270085 0.6860060927446832 
0.062161637002956294 0.7521316448270916 
0.9995924172916169 9.12335080155533E-4 
0.8438094992397509 0.08222289385980065 
0.043100360659949655 0.79413147461889 
0.6373254147149721 0.2025459146197422 
0.39759944747587594 0.3709799822741735 
0.8840750295631051 0.06108720524436172 
0.8139609176156201 0.0985801078931575 
0.07545761946798057 0.7270677161163182 
0.670237263270444 0.1822976157572002 
0.004459621875127329 0.9345531068877753 
0.7147590293372497 0.15890894551369628 
0.040598084647400445 0.8079298694041332 
0.029056171209357606 0.8309826698292184 
0.40762898133425224 0.36252756727612073 
0.4104620140495753 0.3604627625804137 
0.7317993724589343 0.14539912324431825 
0.8650164735450641 0.07101852482481391 
0.010567096104187823 0.8997607319162815 
0.0071573472832617835 0.9168542903899218 
0.9781244300724367 0.012130867138566922 
0.10584850755406838 0.6759406537761984 
0.3950325419437972 0.3746290366022885 
0.22396593292921405 0.5280494427405696 
