1.8357542599735115E-7 1.0014077998303665 
0.9998710135514317 4.668575722840374E-4 
0.30139625377197754 0.4523196947707246 
0.24929907489796108 0.5018663637168992 
0.5804375742417113 0.2393741207403119 
0.040632810616484855 0.7998895748016264 
0.43720010747338856 0.3397313437191209 
0.8392936635989837 0.0848839231106694 
0.7042265132463275 0.16170876831128425 
0.48332443159700494 0.31208004006342943 
0.8192692663417589 0.09645702330338518 
0.5689364586221692 0.24670442148401636 
0.5528724235670461 0.2598739838647739 
0.6507275499083789 0.1941624750405614 
0.011623380863451216 0.8945380820566978 
0.49910441172494097 0.29427595232933745 
0.13397100100316772 0.6358093921563485 
0.03366154428026724 0.8177868294793712 
0.024186887375239774 0.8458714896801935 
0.7829290182708137 0.1163902324552186 
0.9120210080382806 0.04571085028768191 
0.15085827234495225 0.6134373894092614 
0.7248914372099089 0.15665659694207162 
5.266557225438451E-4 0.9799353634886885 
0.4039127559819805 0.3656587276339623 
0.07983699226036046 0.7190850021033086 
0.23483531269404034 0.5164652765062703 
0.06215641893641262 0.7542159884708168 
0.04880540656799337 0.780364122042812 
0.21802596038798727 0.5340275028003331 
0.016204966854743208 0.8739081350861878 
0.1662633863919131 0.5937026405972436 
0.14706783480704333 0.6189599168498943 
0.41835480665240155 0.3550147795527434 
0.7942044614467235 0.10960107375384603 
0.7311287510397646 0.1458022046847956 
0.26500769447574574 0.49120515474170307 
0.519940536078688 0.2797193872587383 
0.6880129612480425 0.1710907636875945 
0.8077404686881763 0.10222335986071732 
0.2095478424151017 0.5434075938842786 
0.6341101284015455 0.20458235549727818 
0.5415544109174844 0.2672195695769237 
0.8526220139965095 0.07831548680453622 
0.3765924192114003 0.3881083244808987 
0.006759384993398843 0.9192934370547436 
0.09955297442199823 0.6865333201151181 
0.6013929662188275 0.2252483032737033 
0.5072150226017375 0.2891674030071251 
0.0016636011397587191 0.9611478449480979 
0.3143988356577432 0.44002746014038435 
0.07261533875193736 0.7387925581148251 
0.22893463163725103 0.5226906891813975 
0.5295941540513229 0.2731693319592853 
0.8901712229099357 0.06025281678962702 
0.39511828006367766 0.37811072234499987 
0.8695467271632626 0.06843190249322798 
0.7652449421988171 0.1258417735345347 
0.6679544670577579 0.19061582678502678 
0.9240390633529534 0.04004737811069466 
0.1271216346254802 0.6452177550671229 
0.2754145871312919 0.4761074505246663 
0.8945884411540288 0.05513768680669896 
0.11114121036251792 0.6683875640265579 
0.6199993742087911 0.21347767578825852 
0.10420193179927129 0.6827428537366491 
0.33729639630284103 0.4200070332429402 
0.12052529071019913 0.6540743173137051 
0.1913219332289121 0.563366994693243 
0.9619466582631633 0.019753907663514186 
0.08920611012323926 0.7035744101873361 
0.44723388390343294 0.33218252608135523 
0.9332370810593171 0.03490520636392164 
0.38555014342110727 0.38018637604299826 
0.7487460447036022 0.14155414395389468 
0.6802409279275059 0.17604765710203277 
0.03156208854199263 0.8368488749564589 
0.9731877170418914 0.014006358115319025 
0.07313746786716056 0.7307598437544155 
0.6706727912848431 0.1820008159008041 
0.05835091523194716 0.7651737098799711 
0.9539592471560425 0.02423998975760931 
0.28578831761444273 0.46784563317713385 
0.2687912734988054 0.48254872953112793 
0.9804069636463062 0.01081622827312098 
0.41500970691359945 0.35664517624364844 
0.08803026876520137 0.7044037873231747 
0.7490734544378896 0.13530069558533625 
0.05524473074705055 0.774067524431684 
0.455816792554265 0.32933569380649685 
0.36575935003217025 0.396583118783174 
0.3514312435875185 0.40803231138914914 
0.28578831761444273 0.46784563317713385 
0.11490011497097657 0.6625460812526429 
0.005896205738407961 0.9247335558718447 
0.6282447169743866 0.2082719252176811 
0.8627432158969253 0.07205700119474473 
0.344967609619506 0.4133662195753578 
0.17653846230463205 0.581012805148578 
0.32918839979332815 0.4272276888936578 
