0.9998199203086451 6.464954728662681E-4 
8.798374998789799E-8 1.0014516194063232 
0.04532064549577469 0.7891153707843822 
0.6997761659238558 0.16497304198825355 
0.06604625673398436 0.7448026491124489 
0.46580165958147146 0.3182633159571571 
0.48625062237152006 0.3038215626108003 
0.6683724642211095 0.18350571987469738 
0.9730362331298685 0.0145212821707017 
0.4422756384630408 0.3363633093615435 
0.3768919461907421 0.38735306655947793 
0.5048870819103646 0.2910963340786579 
0.20430544250618787 0.5493408429165771 
0.96125900967632 0.02047497356196616 
0.1663048029602286 0.593347545707556 
0.18996587094687137 0.5651336870403588 
0.722791020887024 0.1507671423308348 
0.9171973736217793 0.0432111933021028 
0.08418337402414022 0.7112529649170776 
0.3073762360820698 0.44708795410634483 
0.9400149421704524 0.03139427587676784 
0.5776066265281496 0.24126671690211268 
0.010886839223677447 0.902964614786055 
0.32409313749296254 0.43180970924837186 
0.9008559199200208 0.05162820526811256 
0.9986899384287486 0.0012880611925249897 
0.8218798839635658 0.09444198902899933 
0.7563430587786939 0.1315651538053978 
0.07088041950015679 0.7357468774746617 
0.00618483135400022 0.9226768078699965 
0.0877209265779827 0.705551753354557 
0.8441210060613116 0.08229348917490079 
0.2150385247829974 0.5382301561444915 
0.36359049166503365 0.3983879493099721 
0.34093629662048125 0.41732085097753663 
0.39280518507653617 0.37447434305403193 
0.6069961560455852 0.22172143166541092 
0.15683961730689472 0.6128888446054009 
0.024562096133970382 0.8446719892722613 
3.631303925444307E-4 0.9842793769155302 
0.35585761170512537 0.40441901917609563 
0.931838733669824 0.03547715750035787 
0.8349077915610947 0.08728061194417283 
0.12405909111228021 0.6498584706210768 
0.8599465478645502 0.07352270602809147 
0.11036447912746272 0.6687942250031602 
0.17982870580917315 0.5770061713085451 
0.5170561762869448 0.28251084222276923 
0.14206479461267224 0.6247730554931447 
0.3186605108000376 0.43674070160473794 
0.41809214790158944 0.3546624362815586 
0.5634634287078285 0.2503948295319206 
0.030135886116070876 0.8362280402949147 
0.7299853041408162 0.1468989197289069 
0.5895295844940224 0.2330943302195012 
0.09879958125762162 0.6868111518832833 
0.29396895216370733 0.4588966474186556 
0.7913797656949018 0.11123359124049875 
0.019851733587537335 0.8622623414069843 
0.23690145691783068 0.514579068327512 
0.809761272715149 0.10204561816897521 
0.8903949054384512 0.057433732756469215 
0.15781430888107467 0.6041251553073475 
0.24993492731385802 0.5065221621653834 
0.7717810003020298 0.12273955369705725 
0.5966899996668604 0.2296322120529876 
0.6185725764779397 0.21418960483382735 
0.3444609999572132 0.4140896902876113 
0.10110399098906286 0.6836211854181836 
0.42712187442937244 0.3477790333219805 
0.03361414378105407 0.8227512317866165 
0.2638569301398848 0.48805970441427743 
0.78346751572944 0.11593539588181953 
0.5238099149518576 0.27711294616143495 
0.7423808942838237 0.13947557349520795 
0.017812207776091233 0.8679276152945745 
0.6528179967467681 0.1938031396718569 
0.8656745500434869 0.07052760868885774 
0.876270692279956 0.06476288982078952 
0.2329586114260574 0.5188123548460011 
0.5367069409132709 0.2757969944759459 
0.2573958444785319 0.49453166630471473 
0.013299620010909619 0.886473472302952 
0.2819917548433418 0.47000097314283124 
0.11024273685709086 0.6691398003316417 
0.643168517390654 0.19888951457932294 
0.0011971249536786438 0.967238362020905 
0.03620939578731108 0.8115447981403459 
0.29153603515424087 0.46152516302669994 
0.014402246430909538 0.88198100131705 
0.0024150805852403423 0.9524981926757259 
0.1811910439788752 0.5752465894885653 
0.7463440972310806 0.1368907329659613 
0.1242513154546172 0.6489801011958467 
0.8821916095481647 0.061978677451052136 
0.004359411657452614 0.9356708601732792 
0.1397127173843561 0.6278844928357933 
0.5568085305122176 0.2570597290915296 
0.13269698257273504 0.6370236419177054 
0.22360899890496047 0.5300446080587016 
