0.9997422947412793 7.219442070151935E-4 
2.7084673243271157E-9 1.0016201197531938 
0.38376701670279484 0.3824907245660686 
0.4491593429513041 0.3315944860165059 
0.6715541222121354 0.18208857404154422 
0.7014592108944406 0.16379170316534739 
0.1974276374118303 0.5577994604065132 
0.34213622719793313 0.41673136874203154 
0.21921662481347703 0.5339184155515961 
0.2841864631098022 0.46872173934896594 
0.6790851249420893 0.17691287374868261 
0.5142739160662229 0.2839589233866025 
0.5885791625189277 0.23447110716565425 
0.2917832911219737 0.46143411488329256 
0.5544711577197391 0.2566891834446412 
0.09076372837252028 0.7000056043570653 
0.5377487620685047 0.26785704363577184 
0.6463045587560101 0.1971244048525981 
0.7976785147288135 0.10855500726742266 
0.7357310274262269 0.1435798130108888 
0.4246070867939823 0.35075143487407884 
0.8211040283200072 0.0952117696384088 
0.6261215363859793 0.20980033191983502 
0.24001919160693422 0.520510247046946 
0.4790456043324715 0.30894923211741526 
0.9460275652990305 0.03099756724783712 
0.7456762752833754 0.13852235202035273 
0.26693398906891813 0.48591046320205245 
0.003717414448306533 0.9414926534729167 
0.7215718286011872 0.1557827625591373 
0.0721401377475545 0.733610081557451 
0.03460281168416057 0.8187385365926347 
0.4790456043324715 0.30894923211741526 
0.011528799108962373 0.8953717462430577 
0.0019110749101106453 0.9578944559205719 
0.9222959869103451 0.04087733557632931 
0.17516765747709925 0.5836462053609266 
0.847626758059963 0.08251467581156205 
0.044684028213312146 0.7914490656796511 
0.4972188240992493 0.2961277744626391 
0.06138393750992137 0.7545435895033213 
0.3241939022059074 0.4324073731813482 
0.7666776689760684 0.13570143460474232 
0.22103262253518552 0.5318916943705864 
0.7781797027301587 0.11887615930157101 
0.052227350827689686 0.7727724477855689 
0.07946841903554028 0.7198410257395553 
0.02682481865480979 0.839689859159376 
0.11259323939541795 0.6656879674457488 
0.006056374225312444 0.9239546749539548 
8.261726939819865E-4 0.9749095444664492 
0.1638637972878499 0.5967105028203064 
0.13233519831981866 0.6375155131375613 
0.5641491433590419 0.24994593601034887 
0.2402850640182806 0.5112803390647779 
0.3503014434153581 0.40889939532840586 
0.32335850257054133 0.43294249438804266 
0.3075764755696374 0.4468959976592114 
0.09586623557477321 0.6919976208806651 
0.7946095293138148 0.11010775200572435 
0.3075764755696374 0.4468959976592114 
0.9680621860831853 0.01875908937599439 
0.2644761573571269 0.4877905857747888 
0.8416138271738073 0.0892980268696613 
0.028840448901720495 0.8320328087403873 
0.9039606587466045 0.050604569094041645 
0.7121201079947278 0.15740873174959671 
0.020329821862769062 0.8604107751797954 
0.15142798560163462 0.6162242721319555 
0.8733250359302699 0.06636228535037016 
1.939529430525222E-4 0.9882253646534404 
0.8881833899144904 0.05847165504973985 
0.12310875545098625 0.6502028016629993 
0.40434180309237716 0.3654236348521233 
0.9512814401638312 0.025539305718877612 
0.8236402936078973 0.09382403279877234 
0.25176692413461754 0.49974147936020996 
0.9794830218362465 0.011193475128937997 
0.05040148127386995 0.7767389480931457 
0.14166956638564937 0.6256275008651084 
0.5968998911625587 0.22855923793150038 
0.49298793501935223 0.29935850737593034 
0.6385824423581059 0.2018981174918939 
0.6086085234890272 0.22275163610779108 
0.5641491433590419 0.24994593601034887 
0.41022050326392356 0.3608827218212916 
0.10331662556308388 0.682597792727688 
0.17997857184521585 0.5776000051523339 
0.1598058906548496 0.601212330782793 
0.3630505615212068 0.3987296490983889 
0.015120854977510312 0.8783304793345871 
0.524424802694111 0.27727701215759126 
0.4350288636553731 0.34142077631737877 
0.44743801552742124 0.3327015301596593 
0.9899066448269068 0.008468826643902201 
0.18644520693502267 0.5701391823000426 
0.2508678237987997 0.5006039886404188 
0.35866210364493545 0.402656008606869 
0.038680596180542925 0.8049220154131858 
0.5286328671673522 0.27398517404234735 
