0.999852010008223 6.573053754609311E-4 
1.9647278942658275E-9 1.001130943148103 
0.999852010008223 6.573053754609311E-4 
0.340117886513709 0.4176831615117644 
0.3697584868445249 0.39406753951663726 
0.09371955244593877 0.6961569404002467 
0.009988027107005831 0.9018426119602879 
0.5806940514094913 0.2388556963467213 
0.10876361421378689 0.6714045698293206 
0.560184666829436 0.2522556224852378 
0.32428704879341774 0.4315996739498833 
0.038580419186807935 0.8044802973601878 
0.7708280870322879 0.12255145505333087 
0.05411783571034601 0.7684266456421228 
0.39318490052175387 0.3743030742942941 
0.016669732964335007 0.8719144456586251 
0.7309179129029474 0.14609574077448761 
0.14724328453111635 0.6173032722341112 
0.22649616693386693 0.5249750821552638 
0.06506683291195006 0.7461278948940029 
0.5465239835852397 0.26142358401959487 
0.4509629963910536 0.32978452469048497 
0.6460865789159356 0.1968663699393123 
0.595147810391699 0.22926824490564107 
0.8819991128580159 0.061385001701817876 
0.7475755161580504 0.13678832360478152 
0.5122767318883924 0.28668956652307587 
0.5343964083547678 0.2698020236180954 
0.5232847990214023 0.277404880138858 
0.4049970693328617 0.3646192605844556 
0.13209929428494394 0.6541198481336896 
0.861110292364093 0.07259638743540706 
0.7561352773521598 0.13116087845443436 
0.25784055112381343 0.49655040899178665 
0.00690999610701655 0.9217637518232591 
0.08109916227322857 0.7160701647114939 
0.4692540325922961 0.3156733463716752 
0.967623213076316 0.019973159504674636 
0.6863125485998753 0.17418076528657717 
0.3112687291384524 0.4430973485600483 
0.04727647048109268 0.7842121936204275 
0.7887818031442537 0.11256710150006762 
0.17499004769353188 0.5841884329928918 
0.21943160197633937 0.5335970360488955 
0.3059495955354479 0.44804760265962384 
0.9449058604473815 0.028707667604050056 
0.42907812619964214 0.3458992600111193 
0.0016271005603947786 0.9607218446083899 
0.465236405418879 0.3186725338938423 
0.16865012157409792 0.5903524990137554 
0.24069995503881458 0.5102747685620189 
0.2691956938459832 0.48195369067312 
6.245521941571595E-4 0.9761089247848578 
0.0035988709204725633 0.9411342813314196 
0.6988768018670685 0.16518434571695623 
0.200779414574298 0.564190527580804 
0.5003806794887427 0.2940177043561145 
0.07136635457852686 0.7338027925080697 
0.20110007005004807 0.552908077780143 
0.13677697564954303 0.6318109800884888 
0.019091751479024643 0.8636149870617292 
0.16161333978533846 0.6027157705981764 
0.44112371084173496 0.33690218660321 
0.15604361315156307 0.6069149614764809 
0.24034505118988472 0.5108439198327709 
0.7969422811830511 0.10800236072003434 
0.8442458753432353 0.08200455908958434 
0.033355299385539855 0.822862896813942 
0.9439794832715436 0.029458084215632348 
0.9043239512124747 0.04976001816365225 
0.7041814069515104 0.16143329363325967 
0.6720703153218218 0.18093944695517356 
0.2938734351526935 0.45901592368446426 
0.13465074834738264 0.6340317068386171 
0.18462959484661035 0.5728247235236228 
0.023375328255725414 0.8493690361712176 
0.8571194164818697 0.07479784759518536 
0.8264604987259285 0.0915501935342113 
0.918799880382395 0.04207168360218991 
0.2591773287059152 0.4919730557594304 
0.2807368600912509 0.4716409507205208 
0.415628102049057 0.3561805947841118 
0.619745372162487 0.21346675840639545 
0.11555629048321431 0.6612440839310053 
0.031093632682735628 0.824965707285042 
0.18746323946942378 0.5698321788262001 
0.08500778184562191 0.709523798160414 
0.4938961435115197 0.29853453525838836 
0.8112156879463676 0.09996150206450924 
0.025867489928767105 0.8402364152012054 
0.6314237673264854 0.20604231463505476 
0.6600154471674543 0.18852801052789583 
0.7179286628365211 0.15335848762361648 
0.11876515546898705 0.6565423032729896 
0.8127574462602333 0.09934709270768054 
0.6094346902509351 0.22160065145347438 
0.3779224316490258 0.3866289752752722 
0.004669179395170003 0.9331061364094593 
0.841893899505622 0.08830864598618438 
0.4861097858914031 0.3043071983946232 
