0.9998771081756627 5.683297929405303E-4 
2.910792244389948E-9 1.0114602306729117 
0.0826254319711102 0.7134016325995186 
0.09761235021506309 0.6886805801575938 
0.05169945323625419 0.77422403670902 
0.0643859017296499 0.7469781789264834 
0.7895088059001436 0.11212265944743766 
0.5404978968383792 0.2654838913553835 
0.2737929415104342 0.47976418076756316 
0.0721159596070837 0.7329576291924268 
0.10907428346602743 0.6710637562940828 
0.26060832665226447 0.48999916874046134 
0.8714699226623361 0.06697404296344206 
0.13591530188309603 0.6321609755969035 
0.4124877431572058 0.35896352336645143 
0.2888025487902224 0.46588590543441194 
0.01498624037198093 0.8788729690717476 
0.8958389344691434 0.05412711145556373 
0.24698501757071095 0.5038714263206752 
0.7662101476517382 0.12579406222269668 
0.7323450729318789 0.1447586657797811 
0.15597914850726347 0.6061150335292911 
0.7095529067279809 0.1581349626907182 
0.9870427794796992 0.007006941758223997 
0.460964476930329 0.3215134925433331 
0.5237500940326455 0.2768811562049579 
0.1194874992664248 0.6591405117203671 
0.17014429914786877 0.588569402420035 
0.3741901363371337 0.3887755154502309 
0.6682240424369562 0.18297531600181027 
0.5597643440557234 0.25254355191827604 
0.17472366875922096 0.582768558786782 
0.804956696477249 0.1034230173646528 
0.0033704550158518143 0.9597983286812883 
0.9668171946747586 0.017201234699902736 
0.6907789992605589 0.17023965089528303 
0.22915672862684805 0.5228168494078866 
0.03235025077181236 0.8211314350659255 
0.6195179216278708 0.21349456186882584 
0.2979676000355992 0.4551082008120711 
0.23961163242201128 0.5150326390640393 
0.907244633408681 0.048043068538146085 
8.513411037686658E-4 0.9779346879385452 
0.7191642194844741 0.1525526825407319 
0.8458563687575411 0.08074104608321377 
0.027682718374704984 0.836801989053696 
0.48958345791973457 0.3007250947902841 
0.4015615977345691 0.3669322689215619 
0.03734866558174149 0.8085833619956578 
0.011172299240289674 0.8950371545658355 
0.192916881047839 0.5631777362110952 
0.5898289711550827 0.23276422996041932 
0.4980530825557091 0.29488251374715246 
0.3924388939221393 0.3744731484786574 
0.14793066080572978 0.6163837966678598 
0.4297254188526524 0.34612367582927767 
0.6037581149417515 0.2239920742246459 
0.34426908576431786 0.4141112774015528 
0.32688510014684985 0.4288815852389657 
0.3334843994572493 0.4233469218989142 
0.632447850004122 0.20526293537050336 
0.0034858887907823766 0.9421513262988224 
0.8263958024002562 0.09154238260714355 
0.8142056279333405 0.09837812732171278 
0.4469604320618079 0.33564726185319177 
0.044305337814900814 0.7911464772988779 
0.31645549529175454 0.43848694023856377 
0.35947387073978615 0.4010663745743311 
0.6397815793267749 0.20166652286349615 
0.6922971977769198 0.1691826284258237 
0.2173383048688759 0.5344247887908385 
0.750594038329163 0.13914007456116656 
0.9271503741936602 0.039230041951539 
0.18780017402945176 0.5673207373075118 
0.9618203155628733 0.019870067748020203 
0.5092658330647936 0.2870025241051138 
0.47320287641749187 0.31282968406994793 
0.4776699093489699 0.3095828981856253 
0.4487278134545483 0.33064513099946474 
0.9425496843250867 0.02998909944967945 
0.43169637629596713 0.34515573505333547 
0.02063399168309861 0.8570073843201237 
0.2045228341749581 0.5485104150705625 
0.023569977550312704 0.8476676060185868 
0.36972310340565573 0.3925238943554786 
0.5778868329376274 0.24100299319318455 
0.6094865063616735 0.2198533495543586 
0.007858095442072069 0.9123051825837548 
0.2045228341749581 0.5485104150705625 
0.6681696108101636 0.18768883548314538 
0.9471471916542895 0.027317490629500698 
0.9274563513071854 0.03799533207116614 
0.5154751856010905 0.2826314982275758 
0.04309888389605243 0.7971387086557795 
0.3065936865954686 0.4468857900010651 
5.643001809403653E-4 0.9938921607484652 
0.12687706354753414 0.6448109859208324 
0.21926708408686968 0.5325762872086017 
0.0073705177530197785 0.9316588769200799 
0.5671652107168559 0.24776310322920503 
