1.1900356275886957E-8 1.001200716503179 
0.9997359185082779 8.135545298254078E-4 
0.08539590061840607 0.7087098058646754 
0.605210939128158 0.2247535709415003 
0.12652446783171364 0.6453620946529182 
0.06703243362996712 0.7424046253164461 
0.9578038141037826 0.02210344406886177 
0.2504560064917732 0.5005410773147426 
0.6551174710362185 0.19190243758340048 
0.5821057464791982 0.2379848799262176 
0.23591569742061858 0.5151441944216328 
0.5733778393870931 0.24400969335826717 
0.9825271576406864 0.009731373546165555 
0.018638800201210004 0.8644229654672466 
0.7850317920312189 0.1149464083197723 
0.7241183094585426 0.14971042305185592 
0.43279630520895807 0.34290218903442093 
0.025334466448965774 0.8417752399957316 
0.005952905169389901 0.9244546454210275 
0.5018737751415276 0.2926274253133041 
0.6356646222223971 0.2038694294867008 
0.7411553381833167 0.14003890761400625 
0.515493000177809 0.2892393949993193 
0.8952502121584028 0.05437703879013025 
0.4848183230208831 0.304653813404393 
0.680312990674706 0.17589964027761334 
0.6676587229986638 0.18384409891862993 
0.18704160979796852 0.5687859297805046 
0.36982241482769473 0.39678590702758026 
0.3616688536862442 0.3997981440481794 
0.03751112077109059 0.8073730161040756 
0.04546721915490118 0.7881294007812218 
0.5523208177590855 0.2578214615074108 
0.5274434273128862 0.274419441774886 
0.2768872584342602 0.474994504125188 
0.8047299015880034 0.10387666728614954 
2.699756789739027E-4 0.9850979378632636 
0.16812918375269548 0.5911346514050653 
0.11047905289091159 0.6753516049139708 
0.20833970922198708 0.544760414871899 
0.04904888461431321 0.7804299105142579 
0.4772691580592015 0.3102913037835133 
0.13242994815277373 0.6367997358055253 
0.014643821296983994 0.8805563024823096 
0.4506114957946622 0.33042897918333813 
0.7102751613833065 0.15803837646633193 
0.4076250026955476 0.36291296232667625 
0.26264138508707985 0.4885789695223496 
0.9446029773473494 0.028705561625845737 
0.31713648415886897 0.43804051559163815 
0.9261577404047259 0.0384366320796507 
0.1433086666140283 0.6228267633563864 
0.3058422081275731 0.4477092938844574 
0.3295162316895904 0.42691729029797687 
0.3837732629881567 0.38136446896984905 
0.15554184762494966 0.6070915288797202 
0.22568764521494283 0.5257396863869438 
0.002566641221544111 0.9506855729954026 
0.33394724927167885 0.4229380190182823 
0.008413438591857156 0.9095852834338168 
0.6937934157303949 0.16860761133575844 
0.09403333530018324 0.6943795344560602 
0.8085688746381952 0.10157809202024166 
0.2927876629254924 0.4597811657119182 
0.8655957876268868 0.07067746224895428 
0.3460625854762868 0.4125247007546602 
0.0565714909354247 0.763635386290549 
0.9084965614912532 0.04746268138987805 
0.15692703236012756 0.6054343727735958 
0.17921912349437782 0.5778192642671683 
0.39834426348914487 0.36955316095350604 
0.9359128363909184 0.03347019806906219 
0.2674430055845497 0.4839605424614085 
0.8252228860591336 0.09239530089234041 
0.422953461275897 0.35063017462285667 
0.7682198285238423 0.12434960967074037 
0.06681335150103543 0.7471821947674219 
0.5430610098038996 0.26374587122811843 
0.058034157369295736 0.7606168179431908 
0.9148442606747011 0.045421940467077045 
0.029924431742300195 0.8281927336157038 
0.2867931760955429 0.4656874649387102 
0.1980788358994936 0.5560191490424445 
0.5339032377528391 0.2699961589640089 
0.6192504887064021 0.2139626100522532 
0.8567717881919277 0.07537765437030344 
0.8242786527087442 0.0935585589738824 
0.46463884234291464 0.3195562447434489 
0.6264588553765593 0.2093282402782703 
0.14114990243907347 0.6254464995570413 
0.3952214406865594 0.37883029908368626 
0.8806659001677801 0.06231416465377156 
0.848939957799626 0.07989467290217148 
0.3458054482621008 0.41275519790290793 
0.01186388896357106 0.8919804497818088 
0.7521513055351934 0.13396145290524972 
0.19922767157364185 0.5546448406174845 
0.4523967839509684 0.3282086967475455 
0.010464447026520662 0.898593229665641 
0.4623251989590298 0.32089470044571033 
