0.9997869965216204 8.398364056836041E-4 
2.0825874878782624E-10 1.0016287099935541 
0.9997869965216204 8.398364056836041E-4 
0.14529948416200716 0.6234077243247784 
0.1279395250864082 0.6436529480272368 
0.4799284205939216 0.31346336184681056 
0.11766759355670314 0.6587000858710705 
0.5494026537955581 0.25997232543951304 
0.2639008483414622 0.487748092541936 
0.15669901746357856 0.6053096710906292 
0.4054838273199408 0.36431052737529657 
0.7358864452157353 0.1453242355133056 
0.7824809162354603 0.11661279948637114 
0.10587974251990853 0.6811067135309934 
0.8169309017602246 0.09998387023257747 
0.68750100881298 0.17157925629253684 
0.7553248901928088 0.13202853286023683 
0.08473256876035778 0.7112280087646687 
0.762212392471082 0.12781598760023175 
0.42497085275243407 0.34945483467760896 
0.026491158951892246 0.8573564048393068 
0.386187636575014 0.37988195352662235 
0.88451027523261 0.06034907127307551 
0.18916840404763452 0.5663497004792474 
0.02780781394397963 0.8351955222702683 
0.3586265441599161 0.40240787590687754 
0.21639829661912893 0.5363416993872244 
0.2502427571449773 0.5007789549674303 
0.010096933826595891 0.9046234205570509 
0.5119118226652013 0.2861244182189239 
0.09220911916727643 0.6979899948247467 
0.013168768431291888 0.8871878605481089 
0.20116871601707148 0.5558786187856619 
0.8689365792967991 0.06880033368633386 
0.8469447223520653 0.08079621567741804 
0.3973695523523866 0.37063051670947705 
0.5380259739149611 0.2680479001481718 
0.21015795333308457 0.551348650027855 
0.22506136537858368 0.5269583290807608 
0.6134480303623601 0.2181025101294616 
7.903908412447702E-4 0.9774610218874996 
0.5014855395058163 0.2929235422534646 
0.0013090926240478737 0.9656537099668223 
0.16831677291775193 0.5925981453565492 
0.9563926576532091 0.023287282685848842 
0.04580934079065313 0.7872501728572002 
0.2331984356169876 0.518887177557706 
0.9803369809314979 0.010706498473145342 
0.3490541634500087 0.41039654515230783 
0.5838205130549969 0.24114139520352834 
0.004227869277394103 0.9443244625054594 
0.06779874499599386 0.741051233141964 
0.7972952173411298 0.10790474003647475 
0.2877373942529193 0.4660545860711174 
0.9366388352736426 0.03292959833342984 
0.3011653633757351 0.45406863792833974 
0.6081189634890423 0.22589123060473656 
0.6743218476949936 0.18011556437609735 
0.65589517125881 0.19095681562155273 
0.9483284965615045 0.0269870679747991 
0.6265609015561463 0.21028587789261868 
0.8302155091847475 0.08994534856169141 
0.27790588202928 0.4741817085381915 
0.03972878051142403 0.8024819037050646 
0.5231891701631766 0.2778215254689513 
0.006920961708030637 0.9189156253150057 
0.7200292640062307 0.15300180391586846 
0.4549841486681718 0.32681274321991227 
0.07638401558290964 0.7252879546962382 
0.025494556600889395 0.8751965212871264 
0.5706190221246172 0.24592067144374144 
0.37632232164729207 0.3906675039895898 
0.7022527134188621 0.1639456068051737 
0.5706190221246172 0.24592067144374144 
0.4925845257477431 0.3045999693767859 
0.8464408198764659 0.08118284894209897 
0.4299165670097225 0.34639956657514165 
0.03308178082917762 0.8240472018466551 
0.2943697786940429 0.4587294285303814 
0.6475275813028505 0.19776420498066802 
0.9217537954528205 0.04070529512824915 
0.32269802571089634 0.43348928704474565 
1.1068940518203785E-4 0.9983851676034706 
0.181043034000646 0.5761263845747809 
0.5287812909016616 0.27418829682487705 
0.0756811035939064 0.7295824867265037 
0.01817929055657691 0.8763335345448409 
0.45121161894667544 0.3297278782593319 
0.310305587131943 0.4445236858317079 
0.0030942362562421666 0.9464714327772613 
0.7076236272265304 0.1608638421727232 
0.8694722079006104 0.06841218606146626 
0.7246273617635438 0.14946737282206382 
0.2414502213846438 0.5105437072909472 
0.9927853995028285 0.006137957764449375 
0.8274637404298659 0.09125243252437686 
0.0523705957791907 0.7724418260628616 
0.9283962772001395 0.03721637851747675 
0.6743496823640629 0.17997575097072385 
0.04310261354891769 0.796076640208457 
