2.6465132862973917E-8 1.001307509478971 
0.9999262470636815 6.027039848281886E-4 
0.2305812392983497 0.5207418895933089 
0.8451843328956232 0.08199334913721985 
0.007398661837307752 0.9154250742853259 
0.3640372264948543 0.3976357334907012 
0.17875157532211847 0.5856201999905901 
0.45360393904482676 0.3276924670744068 
0.5672925525555523 0.24783601105015565 
0.09463109021768912 0.6940415031731695 
0.4732406300906373 0.31366733864561835 
0.7080766921958245 0.16335438656058573 
0.9027138723239018 0.05062544473864581 
0.6357766122321903 0.20390128318466028 
0.5820559100193194 0.23811130315907217 
0.19736987530226072 0.5577858582872908 
0.03900082667364568 0.8042792405865746 
0.8245044718366618 0.09288211477889823 
0.025586569199073705 0.8416002564381926 
0.3967957640028923 0.3718444117880844 
0.7480294082141584 0.1377174904892529 
0.06672702582443807 0.7474497923610188 
0.2475419234335995 0.5036194468277773 
0.1873042619338744 0.5706026901943949 
0.1476909731699024 0.6180806538882521 
0.7598948361970315 0.1289101099986618 
0.5504739370017819 0.25942634082038285 
0.8647994403688317 0.07074724901250716 
0.8861210514215794 0.05931392528891871 
0.6488133194411992 0.19544329092753235 
0.482057737438523 0.30653995865303485 
0.33269479103296673 0.4239261436767976 
0.3472017274508108 0.4123723743978811 
0.0054098940672619444 0.9465263563985693 
0.07128543110546687 0.7341527286895235 
0.020533935948158055 0.8582164145448843 
0.08378977683766295 0.7135734043610412 
0.5955130501480128 0.23145422064604013 
0.20906044218468883 0.5482664297339773 
0.017504892923782156 0.8701245693341353 
0.04969690536037208 0.7858472069316681 
0.010943281952859735 0.8966049343540134 
0.6842540352149163 0.17372503858808297 
0.3771257874488274 0.38899436865823606 
0.4119587799001514 0.3594528887484077 
0.15503832932260386 0.6075672911489083 
0.10255397531034954 0.6821992666722715 
0.3237169436665238 0.4321926886566935 
0.512717653875221 0.28501332225636583 
0.013601576372284596 0.8865015963678572 
0.7716978391239342 0.12262834112635124 
0.8093702972118042 0.10097436235136345 
0.27976443813231794 0.4718689256605638 
0.7344872594740981 0.143856261048664 
0.9450270640963793 0.028710258306270053 
0.49583851202637885 0.298071548166838 
0.13806689588981808 0.6295310129837783 
0.2676696447918804 0.4839011247902891 
1.5672129065053778E-4 0.9888838878143669 
0.427027093382901 0.3474633916254409 
0.6206655165047619 0.2132621375204291 
0.03623794906055555 0.8149371418849236 
0.15503832932260386 0.6075672911489083 
0.52391435146571 0.276936301317601 
0.13417821734096647 0.6349804162935742 
0.26061161502925356 0.4903561973688697 
0.7149301457868835 0.15541583799690334 
0.11305097073449313 0.6646870879148772 
0.9776378483858175 0.012144765943904432 
0.10841521084102357 0.6739774371556658 
0.40747761561855844 0.3624478608036036 
0.7811957411572148 0.11730514601272948 
0.9853063592217832 0.007982790460115137 
0.0021247311562831717 0.9557985580607083 
0.25018683660080265 0.5009562232072196 
0.21386069933399965 0.5388238290139323 
0.34421423015349994 0.41510058560579877 
0.06333023332696573 0.7663202381086482 
0.1259599611280635 0.6461810402633938 
0.9330798914519365 0.03475056910042946 
0.302900962490789 0.4506931952540058 
0.8787693569349534 0.0648710984223485 
0.617596577793706 0.215334580895994 
0.6727133150862313 0.1827286834688873 
0.3859145372725363 0.3819125711715525 
0.5317932859562023 0.27178528467859986 
0.17886689148112947 0.578404480494894 
0.05447429116630871 0.7689242642364953 
0.8181805033284878 0.0966964011078936 
0.9536357786280243 0.02423229815978741 
0.3118686095250104 0.4428886973143367 
0.21386069933399965 0.5388238290139323 
0.44259028164260333 0.3359665589785657 
0.7971981557514021 0.10777725973206953 
0.3159434315046929 0.44075466362234467 
0.9166868798050644 0.043164709124931595 
0.4954617510370025 0.2982500978709816 
0.6054248070805128 0.22279492376263918 
0.9961211379748813 0.004146779734651891 
0.7893084791098814 0.11297610992363044 
