0.6594157046870234
0.6593040262744836
0.6594291948676427
0.6598467625519134
0.6595984914037849
0.6591683727719535
0.6582796331520635
0.6595753793425909
0.6598568603179493
0.6592795850336193
0.6592676244874278
0.6587631850064649
0.6596176153768849
0.6585503878314913
0.6599415743524433
0.6594594883923113
0.6597444680635367
0.6591613692724105
0.6593553912569795
0.6599324592890996
0.6595110885483635
0.6597242460844688
0.6587600854150155
0.6599887719165576
0.6590013884287734
0.6590812625532186
0.659345366396952
0.659593960180124
0.6599046935008824
0.6599359175178738
