0.35857696339764894
0.36780051161945226
0.3565675371384146
0.32810311040507345
0.3712585141617435
0.43480443415257053
0.4267502112890995
0.36100980286378376
0.33935007484198754
0.33118444794376867
0.3615165913816359
0.35987759950424825
0.3477454763870612
0.4079576269611117
0.33633329684363483
0.36620800763925326
0.3647396604226282
0.3887758883618
0.3441229430616889
0.34340805318906004
0.35632711585440746
0.3729719232095766
0.41328643879784427
0.33766187195032055
0.3110326608466851
0.3964370566057412
0.3857057809401072
0.3526602973558539
0.3467616661582225
0.37795080613816867
